Datetime,Open,High,Low,Close,Volume
2023-08-28 09:15:00,4729.85009765625,4729.89990234375,4683.9501953125,4706.0498046875,14679
2023-08-28 13:15:00,4704.9501953125,4747.0,4689.64990234375,4747.0,4678
2023-08-29 09:15:00,4714.4501953125,4765.0,4699.0498046875,4728.85009765625,7862
2023-08-29 13:15:00,4729.85009765625,4749.0,4720.0,4744.7001953125,21387
2023-08-30 09:15:00,4750.0,4775.0,4715.64990234375,4740.0498046875,15915
2023-08-30 13:15:00,4743.0,4759.9501953125,4732.0,4740.0,7039
2023-08-31 09:15:00,4754.0,4927.9501953125,4752.0498046875,4868.5,40723
2023-08-31 13:15:00,4870.0,4900.0,4765.10009765625,4812.7001953125,20281
2023-09-01 09:15:00,4840.0,4850.0,4790.0,4794.25,11839
2023-09-01 13:15:00,4790.35009765625,4805.0,4779.0,4790.4501953125,2820
2023-09-04 09:15:00,4832.7998046875,4847.10009765625,4784.64990234375,4845.0,3446
2023-09-04 13:15:00,4845.0,4849.0,4805.0,4830.89990234375,5383
2023-09-05 09:15:00,4856.25,5450.0,4828.7001953125,5400.64990234375,254189
2023-09-05 13:15:00,5406.9501953125,5409.7001953125,5204.0,5240.5,122158
2023-09-06 09:15:00,5272.0,5357.0498046875,5184.0,5204.4501953125,27546
2023-09-06 13:15:00,5200.35009765625,5365.0,5191.14990234375,5245.39990234375,37974
2023-09-07 09:15:00,5245.39990234375,5297.0,5215.10009765625,5232.85009765625,6800
2023-09-07 13:15:00,5232.85009765625,5339.89990234375,5215.0,5295.2998046875,8865
2023-09-08 09:15:00,5321.0,5333.9501953125,5242.0498046875,5323.14990234375,6886
2023-09-08 13:15:00,5328.89990234375,5337.2001953125,5265.0,5305.5498046875,14515
2023-09-11 09:15:00,5311.0,5332.0498046875,5250.0,5252.39990234375,3224
2023-09-11 13:15:00,5252.39990234375,5305.0,5225.7001953125,5251.0,7738
2023-09-12 09:15:00,5251.0,5253.4501953125,5081.0,5167.0,6778
2023-09-12 13:15:00,5166.60009765625,5222.4501953125,5156.0,5194.10009765625,9084
2023-09-13 09:15:00,5221.39990234375,5225.0,5134.0,5218.75,2126
2023-09-13 13:15:00,5211.0,5211.0,5154.0,5195.64990234375,3833
2023-09-14 09:15:00,5201.85009765625,5254.0,5147.0498046875,5173.5,2322
2023-09-14 13:15:00,5173.64990234375,5180.0,5140.0,5170.10009765625,6084
2023-09-15 09:15:00,5196.0,5249.0,5155.14990234375,5200.0,10055
2023-09-15 13:15:00,5200.0,5204.39990234375,5140.0,5162.9501953125,21903
2023-09-18 09:15:00,5272.0,5291.9501953125,5221.2998046875,5242.64990234375,4401
2023-09-18 13:15:00,5237.25,5242.39990234375,5210.10009765625,5220.14990234375,2708
2023-09-20 09:15:00,5264.0,5271.4501953125,5232.9501953125,5255.35009765625,9034
2023-09-20 13:15:00,5255.35009765625,5266.0,5248.7998046875,5263.0,4171
2023-09-21 09:15:00,5258.0,5323.9501953125,5228.60009765625,5265.4501953125,6261
2023-09-21 13:15:00,5268.2001953125,5285.0,5240.0,5260.2001953125,14931
2023-09-22 09:15:00,5285.9501953125,5342.89990234375,5248.89990234375,5307.9501953125,5132
2023-09-22 13:15:00,5306.9501953125,5445.0,5302.5498046875,5389.64990234375,21550
2023-09-25 09:15:00,5421.0498046875,5421.0498046875,5302.0,5305.7998046875,3089
2023-09-25 13:15:00,5305.7998046875,5402.89990234375,5296.10009765625,5374.10009765625,6063
2023-09-26 09:15:00,5374.10009765625,5390.9501953125,5188.64990234375,5242.5498046875,17174
2023-09-26 13:15:00,5237.60009765625,5290.14990234375,5215.64990234375,5260.7998046875,8338
2023-09-27 09:15:00,5250.0498046875,5273.60009765625,5203.2998046875,5224.25,1358
2023-09-27 13:15:00,5223.85009765625,5300.0,5202.14990234375,5277.5,4962
2023-09-28 09:15:00,5300.0,5318.64990234375,5275.0,5278.2998046875,1719
2023-09-28 13:15:00,5279.9501953125,5300.0,5275.0,5287.7001953125,4071
2023-09-29 09:15:00,5300.0,5325.0,5272.64990234375,5297.4501953125,7944
2023-09-29 13:15:00,5299.2001953125,5395.75,5218.25,5368.35009765625,9414
2023-10-03 09:15:00,5370.35009765625,5547.0,5340.5,5398.0,9520
2023-10-03 13:15:00,5398.0,5442.5,5390.0,5421.39990234375,5639
2023-10-04 09:15:00,5439.60009765625,5439.60009765625,5350.0,5370.0,3745
2023-10-04 13:15:00,5367.5,5395.0,5367.5,5379.9501953125,1869
2023-10-05 09:15:00,5379.9501953125,5400.0,5276.0,5280.39990234375,3399
2023-10-05 13:15:00,5281.60009765625,5315.0,5270.0,5289.7001953125,8606
2023-10-06 09:15:00,5317.4501953125,5350.0,5296.60009765625,5300.0498046875,3500
2023-10-06 13:15:00,5311.5,5320.39990234375,5270.0,5284.35009765625,2072
2023-10-09 09:15:00,5252.64990234375,5315.10009765625,5225.5498046875,5313.7998046875,4429
2023-10-09 13:15:00,5315.10009765625,5424.0,5315.10009765625,5390.9501953125,12162
2023-10-10 09:15:00,5393.7998046875,5407.89990234375,5350.2001953125,5362.2998046875,3179
2023-10-10 13:15:00,5362.2001953125,5367.25,5272.60009765625,5286.0,3167
2023-10-11 09:15:00,5310.0,5385.0,5310.0,5361.0498046875,1970
2023-10-11 13:15:00,5363.85009765625,5363.85009765625,5281.60009765625,5295.89990234375,2492
2023-10-12 09:15:00,5332.39990234375,5345.0,5275.0,5294.9501953125,4832
2023-10-12 13:15:00,5295.89990234375,5302.5,5262.0,5276.64990234375,23093
2023-10-13 09:15:00,5265.7001953125,5305.0,5263.4501953125,5287.39990234375,3500
2023-10-13 13:15:00,5290.0,5305.0,5244.9501953125,5250.0,2937
2023-10-16 09:15:00,5288.0,5300.0,5250.0,5250.0,1893
2023-10-16 13:15:00,5257.60009765625,5298.0,5240.60009765625,5276.7998046875,1941
2023-10-17 09:15:00,5303.14990234375,5303.14990234375,5234.0,5249.89990234375,3533
2023-10-17 13:15:00,5249.0,5263.7998046875,5222.0,5246.64990234375,3771
2023-10-18 09:15:00,5249.64990234375,5272.25,5184.0,5222.35009765625,2887
2023-10-18 13:15:00,5221.9501953125,5244.89990234375,5185.0,5203.14990234375,13416
2023-10-19 09:15:00,5175.0,5205.14990234375,5161.64990234375,5187.0,5947
2023-10-19 13:15:00,5187.0,5187.0,5155.0,5171.14990234375,1922
2023-10-20 09:15:00,5175.0,5196.2998046875,5113.2998046875,5117.39990234375,962
2023-10-20 13:15:00,5117.0,5134.4501953125,5081.7998046875,5088.2998046875,3554
2023-10-23 09:15:00,5110.0,5125.2001953125,5014.0,5031.75,15884
2023-10-23 13:15:00,5034.0,5056.0,5004.0,5006.4501953125,2422
2023-10-25 09:15:00,5023.60009765625,5029.60009765625,4925.2998046875,4930.0,5108
2023-10-25 13:15:00,4935.10009765625,4968.0,4909.0,4941.25,2633
2023-10-26 09:15:00,4911.64990234375,4921.5,4825.0,4844.64990234375,3106
2023-10-26 13:15:00,4848.0,4918.0,4821.0,4854.89990234375,4533
2023-10-27 09:15:00,4879.14990234375,4918.75,4840.2998046875,4849.60009765625,2540
2023-10-27 13:15:00,4849.60009765625,4889.0,4841.39990234375,4857.10009765625,7444
2023-10-30 09:15:00,4881.35009765625,4881.35009765625,4816.0498046875,4845.0,1182
2023-10-30 13:15:00,4848.0,4916.10009765625,4846.7001953125,4886.10009765625,2647
2023-10-31 09:15:00,4910.5,4948.9501953125,4910.5,4922.39990234375,680
2023-10-31 13:15:00,4921.9501953125,4936.39990234375,4902.5498046875,4920.75,1221
2023-11-01 09:15:00,4945.35009765625,4945.35009765625,4854.25,4919.0,1178
2023-11-01 13:15:00,4910.25,4930.0,4897.10009765625,4916.4501953125,948
2023-11-02 09:15:00,4920.0,4955.0498046875,4888.75,4901.2998046875,2699
2023-11-02 13:15:00,4901.2998046875,4926.89990234375,4882.39990234375,4905.2001953125,1897
2023-11-03 09:15:00,4901.14990234375,5264.9501953125,4901.14990234375,5118.0,98292
2023-11-03 13:15:00,5110.0,5250.0,5091.25,5192.7998046875,119712
2023-11-06 09:15:00,5225.0498046875,5394.7998046875,5221.25,5312.0,85769
2023-11-06 13:15:00,5315.0498046875,5318.9501953125,5229.2998046875,5242.89990234375,19190
2023-11-07 09:15:00,5250.0,5440.0,5248.0,5364.9501953125,25487
2023-11-07 13:15:00,5363.4501953125,5396.9501953125,5330.0,5350.0,12036
2023-11-08 09:15:00,5381.60009765625,5534.39990234375,5375.5498046875,5435.0,26521
2023-11-08 13:15:00,5440.85009765625,5441.9501953125,5381.10009765625,5427.0,7609
2023-11-09 09:15:00,5437.2998046875,5521.0,5435.0,5475.10009765625,8393
2023-11-09 13:15:00,5477.14990234375,5485.25,5351.64990234375,5414.9501953125,11508
2023-11-10 09:15:00,5445.89990234375,5499.9501953125,5406.0,5458.75,6895
2023-11-10 13:15:00,5459.14990234375,5479.9501953125,5411.4501953125,5430.0,7578
2023-11-13 09:15:00,5490.0,5490.0,5425.0,5454.2001953125,4304
2023-11-13 13:15:00,5454.2001953125,5509.85009765625,5451.0498046875,5489.10009765625,6426
2023-11-15 09:15:00,5510.0,5590.0,5510.0,5560.0498046875,7077
2023-11-15 13:15:00,5555.4501953125,5624.9501953125,5538.89990234375,5559.9501953125,19275
2023-11-16 09:15:00,5529.9501953125,5553.5498046875,5458.0,5470.0,4578
2023-11-16 13:15:00,5470.0,5470.10009765625,5443.14990234375,5465.60009765625,7812
2023-11-17 09:15:00,5510.0,5510.0,5372.0,5372.0,3926
2023-11-17 13:15:00,5372.0,5386.5,5327.0498046875,5371.0,4752
2023-11-20 09:15:00,5397.85009765625,5417.0,5337.0,5362.0,3998
2023-11-20 13:15:00,5362.0,5388.5,5325.0,5353.25,5423
2023-11-21 09:15:00,5410.0,5410.0,5290.0,5329.7998046875,3822
2023-11-21 13:15:00,5329.7998046875,5331.0,5257.0,5277.64990234375,4644
2023-11-22 09:15:00,5290.0,5290.85009765625,5255.5498046875,5266.0498046875,1249
2023-11-22 13:15:00,5266.0498046875,5375.0,5265.14990234375,5310.4501953125,6534
2023-11-23 09:15:00,5334.0,5362.75,5262.2001953125,5288.0,3553
2023-11-23 13:15:00,5291.9501953125,5300.0,5258.0,5272.2998046875,1841
2023-11-24 09:15:00,5272.0,5285.14990234375,5260.0,5266.64990234375,5835
2023-11-24 13:15:00,5260.0,5271.2998046875,5240.7001953125,5270.89990234375,2743
2023-11-28 09:15:00,5262.75,5317.60009765625,5223.14990234375,5228.60009765625,2158
2023-11-28 13:15:00,5229.14990234375,5246.89990234375,5225.0,5231.0498046875,1761
2023-11-29 09:15:00,5258.60009765625,5316.5,5230.10009765625,5233.0498046875,6925
2023-11-29 13:15:00,5234.0,5249.89990234375,5201.4501953125,5205.0,2575
2023-11-30 09:15:00,5235.25,5356.0,5223.25,5346.10009765625,6456
2023-11-30 13:15:00,5346.10009765625,5392.0,5320.10009765625,5373.60009765625,9947
2023-12-01 09:15:00,5390.0,5445.0,5382.0,5390.0498046875,2434
2023-12-01 13:15:00,5390.10009765625,5402.25,5348.5,5373.9501953125,3398
2023-12-04 09:15:00,5402.2001953125,5432.9501953125,5340.0,5356.2001953125,2139
2023-12-04 13:15:00,5356.2001953125,5361.4501953125,5300.0,5315.2998046875,3822
2023-12-05 09:15:00,5353.0,5359.0,5309.7001953125,5359.0,3405
2023-12-05 13:15:00,5359.2001953125,5429.9501953125,5359.2001953125,5410.5,10619
2023-12-06 09:15:00,5434.89990234375,5463.9501953125,5379.0498046875,5400.0,15662
2023-12-06 13:15:00,5395.35009765625,5435.64990234375,5367.5498046875,5400.0498046875,4957
2023-12-07 09:15:00,5428.5,5555.64990234375,5367.64990234375,5490.0,17183
2023-12-07 13:15:00,5489.60009765625,5492.75,5444.0,5476.2998046875,3883
2023-12-08 09:15:00,5500.0,5516.10009765625,5411.0,5411.0,54200
2023-12-08 13:15:00,5416.14990234375,5457.7998046875,5365.0,5444.0,26453
2023-12-11 09:15:00,5262.25,5485.0,5239.75,5462.7998046875,4377
2023-12-11 13:15:00,5460.2998046875,5485.0,5445.0,5473.4501953125,2032
2023-12-12 09:15:00,5475.0,5487.14990234375,5406.4501953125,5407.60009765625,1686
2023-12-12 13:15:00,5415.14990234375,5440.0,5400.0,5418.35009765625,2150
2023-12-13 09:15:00,5445.39990234375,5457.5498046875,5418.5,5438.9501953125,2975
2023-12-13 13:15:00,5440.0,5440.0,5366.4501953125,5426.0,4987
2023-12-14 09:15:00,5425.0,5465.89990234375,5406.0498046875,5449.7998046875,846
2023-12-14 13:15:00,5449.5498046875,5450.0,5360.0498046875,5384.39990234375,10754
2023-12-15 09:15:00,5361.0498046875,5458.5498046875,5360.39990234375,5414.2998046875,9233
2023-12-15 13:15:00,5414.2998046875,5448.60009765625,5365.0,5400.25,5506
2023-12-18 09:15:00,5408.0,5450.0,5361.0498046875,5440.0,20604
2023-12-18 13:15:00,5438.39990234375,5489.39990234375,5429.89990234375,5436.85009765625,29127
2023-12-19 09:15:00,5446.14990234375,5464.7001953125,5430.2998046875,5436.89990234375,2510
2023-12-19 13:15:00,5436.2998046875,5456.0,5436.14990234375,5447.5498046875,2546
2023-12-20 09:15:00,5450.0498046875,5506.2001953125,5432.25,5496.64990234375,4283
2023-12-20 13:15:00,5505.7998046875,5535.5498046875,5380.0,5447.14990234375,22403
2023-12-21 09:15:00,5447.14990234375,5516.0,5400.0498046875,5475.2001953125,3163
2023-12-21 13:15:00,5481.9501953125,5510.0,5451.0498046875,5498.5498046875,6351
2023-12-22 09:15:00,5561.0498046875,5625.0,5467.2001953125,5505.64990234375,4062
2023-12-22 13:15:00,5505.7001953125,5620.0,5491.5498046875,5600.10009765625,12523
2023-12-26 09:15:00,5677.9501953125,5746.0,5595.0,5709.85009765625,14639
2023-12-26 13:15:00,5710.0,5714.2001953125,5610.5,5652.7998046875,15338
2023-12-27 09:15:00,5655.0,5745.10009765625,5622.4501953125,5670.7998046875,5401
2023-12-27 13:15:00,5670.0,5734.0498046875,5661.75,5711.5498046875,2784
2023-12-28 09:15:00,5757.0,5776.0498046875,5617.0,5620.0,8561
2023-12-28 13:15:00,5621.0,5639.9501953125,5539.7998046875,5569.0,11625
2023-12-29 09:15:00,5585.10009765625,5625.0,5549.85009765625,5600.89990234375,11356
2023-12-29 13:15:00,5600.9501953125,5602.0,5501.14990234375,5502.5,8268
2024-01-01 09:15:00,5624.9501953125,5624.9501953125,5484.0,5495.10009765625,12771
2024-01-01 13:15:00,5495.10009765625,5532.60009765625,5454.25,5500.4501953125,23499
2024-01-02 09:15:00,5520.0,5580.39990234375,5505.0,5514.9501953125,5998
2024-01-02 13:15:00,5515.0,5552.0,5461.0498046875,5461.0498046875,11536
2024-01-03 09:15:00,5510.0,5549.89990234375,5470.64990234375,5533.85009765625,57717
2024-01-03 13:15:00,5533.85009765625,5545.0,5481.0,5513.7998046875,3797
2024-01-04 09:15:00,5513.0,5575.0,5502.0,5528.0,62236
2024-01-04 13:15:00,5531.5,5543.5498046875,5464.0,5487.0,6618
2024-01-05 09:15:00,5490.0,5544.0,5490.0,5526.10009765625,8343
2024-01-05 13:15:00,5530.0,5600.0,5512.9501953125,5600.0,11745
2024-01-08 09:15:00,5604.25,5633.4501953125,5517.4501953125,5615.35009765625,4467
2024-01-08 13:15:00,5619.7001953125,5636.0,5533.10009765625,5613.35009765625,5434
2024-01-09 09:15:00,5619.2998046875,5740.0,5588.35009765625,5725.0,7903
2024-01-09 13:15:00,5726.89990234375,5890.75,5715.0,5837.0498046875,39544
2024-01-10 09:15:00,5850.0,5963.0,5832.7998046875,5940.0,18163
2024-01-10 13:15:00,5940.35009765625,5961.0,5920.0498046875,5959.0,10399
2024-01-11 09:15:00,5953.0498046875,5982.9501953125,5830.0,5875.0,5654
2024-01-11 13:15:00,5874.7998046875,5890.0,5832.7998046875,5850.7998046875,3436
2024-01-12 09:15:00,5850.0,5878.89990234375,5821.0,5856.14990234375,1387
2024-01-12 13:15:00,5856.10009765625,5869.4501953125,5752.75,5797.35009765625,3353
2024-01-15 09:15:00,5841.60009765625,5879.9501953125,5795.2998046875,5832.7998046875,2097
2024-01-15 13:15:00,5838.39990234375,5839.5498046875,5750.0,5810.0,2869
2024-01-16 09:15:00,5783.35009765625,5843.85009765625,5781.0498046875,5809.0,2365
2024-01-16 13:15:00,5790.0,5996.0,5790.0,5968.85009765625,13733
2024-01-17 09:15:00,5968.85009765625,6005.25,5885.0,5913.2001953125,3051
2024-01-17 13:15:00,5910.0498046875,5990.35009765625,5898.60009765625,5980.35009765625,8538
2024-01-18 09:15:00,6000.0,6000.0,5683.2001953125,5809.39990234375,4069
2024-01-18 13:15:00,5800.10009765625,5870.0,5725.2001953125,5788.10009765625,6879
2024-01-19 09:15:00,5869.7998046875,5884.35009765625,5760.0,5778.64990234375,2709
2024-01-19 13:15:00,5778.64990234375,5797.5,5721.2001953125,5721.2001953125,3805
2024-01-23 09:15:00,5776.64990234375,5849.60009765625,5732.39990234375,5818.60009765625,4959
2024-01-23 13:15:00,5819.5498046875,5827.85009765625,5756.64990234375,5810.10009765625,2592
2024-01-24 09:15:00,5852.0,5883.0,5758.2001953125,5880.0,13339
2024-01-24 13:15:00,5880.0,5999.0,5880.0,5979.10009765625,11474
2024-01-25 09:15:00,5989.0,5996.9501953125,5921.0,5945.7001953125,1405
2024-01-25 13:15:00,5945.7001953125,5955.35009765625,5812.0498046875,5816.0,4399
2024-01-29 09:15:00,5858.0498046875,5885.10009765625,5758.0,5787.35009765625,4255
2024-01-29 13:15:00,5789.14990234375,5878.0,5783.0498046875,5867.9501953125,4861
2024-01-30 09:15:00,5897.25,5918.85009765625,5789.0,5789.0,1447
2024-01-30 13:15:00,5790.0,5804.0,5722.0498046875,5753.75,5426
2024-01-31 09:15:00,5782.5,6166.0,5782.5,6027.10009765625,41837
2024-01-31 13:15:00,6027.10009765625,6036.7998046875,5930.0,6002.0498046875,12057
2024-02-01 09:15:00,6038.0,6093.0,5955.0498046875,6061.0,12377
2024-02-01 13:15:00,6060.0498046875,6087.9501953125,6050.0,6067.39990234375,4217
2024-02-02 09:15:00,5987.7998046875,5987.7998046875,5726.14990234375,5864.0,87590
2024-02-02 13:15:00,5864.0,5888.7998046875,5760.0,5761.0,21693
2024-02-05 09:15:00,5730.0,5819.10009765625,5718.7998046875,5744.0,8778
2024-02-05 13:15:00,5740.0,5757.4501953125,5675.0,5718.0498046875,7138
2024-02-06 09:15:00,5717.85009765625,5814.0,5717.85009765625,5750.10009765625,2813
2024-02-06 13:15:00,5750.10009765625,5762.4501953125,5665.0498046875,5726.9501953125,7756
2024-02-07 09:15:00,5750.0,5837.85009765625,5731.39990234375,5785.35009765625,4019
2024-02-07 13:15:00,5786.75,5819.7001953125,5755.75,5794.89990234375,5713
2024-02-08 09:15:00,5794.9501953125,5875.0,5752.7001953125,5855.7001953125,5575
2024-02-08 13:15:00,5855.2001953125,5856.7001953125,5749.9501953125,5763.89990234375,10273
2024-02-09 09:15:00,5763.89990234375,5825.39990234375,5744.0498046875,5751.75,2106
2024-02-09 13:15:00,5753.0,5845.0,5743.64990234375,5831.14990234375,2997
2024-02-12 09:15:00,5790.0,5925.60009765625,5790.0,5920.0,9802
2024-02-12 13:15:00,5920.0,5995.0,5916.7001953125,5958.35009765625,9627
2024-02-13 09:15:00,5988.39990234375,6058.0,5904.5,6028.25,14514
2024-02-13 13:15:00,6033.75,6050.0,5959.0,5959.0,9014
2024-02-14 09:15:00,6008.60009765625,6050.2001953125,5947.60009765625,5997.60009765625,1819
2024-02-14 13:15:00,5997.2998046875,6001.0,5925.85009765625,5954.7001953125,3468
2024-02-15 09:15:00,5950.0498046875,5988.2001953125,5825.0,5849.25,3257
2024-02-15 13:15:00,5849.25,5892.5,5830.14990234375,5875.0,2383
2024-02-16 09:15:00,5851.35009765625,5918.4501953125,5801.39990234375,5839.75,2574
2024-02-16 13:15:00,5840.0,5867.0,5831.35009765625,5852.0498046875,1969
2024-02-19 09:15:00,5822.0,6000.0,5822.0,5986.10009765625,3935
2024-02-19 13:15:00,5984.85009765625,6136.0,5960.75,6099.9501953125,13205
2024-02-20 09:15:00,6106.9501953125,6159.9501953125,6049.89990234375,6099.9501953125,8894
2024-02-20 13:15:00,6094.5498046875,6125.0,6073.7001953125,6111.7001953125,6704
2024-02-21 09:15:00,6093.10009765625,6201.25,6040.0,6100.0,11225
2024-02-21 13:15:00,6100.0,6112.0,6005.0,6006.75,6809
2024-02-22 09:15:00,6041.10009765625,6074.9501953125,5971.60009765625,6044.75,3678
2024-02-22 13:15:00,6044.75,6049.0,5994.85009765625,6024.14990234375,3202
2024-02-23 09:15:00,6024.14990234375,6035.4501953125,5938.0,5955.35009765625,2272
2024-02-23 13:15:00,5946.7001953125,5960.0,5905.35009765625,5927.2998046875,2309
2024-02-26 09:15:00,5917.10009765625,5996.7998046875,5865.0,5942.0498046875,3710
2024-02-26 13:15:00,5942.0498046875,5942.0498046875,5896.25,5921.64990234375,1906
2024-02-27 09:15:00,5960.0,5960.0,5860.0,5881.5498046875,1731
2024-02-27 13:15:00,5885.0,5891.9501953125,5790.0,5815.10009765625,3839
2024-02-28 09:15:00,5845.64990234375,5845.64990234375,5670.0,5670.0,2345
2024-02-28 13:15:00,5670.7998046875,5757.0,5670.7998046875,5727.7001953125,2741
2024-02-29 09:15:00,5740.2998046875,5798.0,5708.5,5763.0,2949
2024-02-29 13:15:00,5770.0,5770.0,5625.0,5669.35009765625,18896
2024-03-01 09:15:00,5697.64990234375,5726.0498046875,5643.0,5669.85009765625,1683
2024-03-01 13:15:00,5664.10009765625,5674.5498046875,5628.0,5644.7998046875,1787
2024-03-04 09:15:00,5684.89990234375,5684.9501953125,5574.2001953125,5580.0498046875,25418
2024-03-04 13:15:00,5580.2001953125,5585.0,5537.35009765625,5552.2001953125,3812
2024-03-05 09:15:00,5581.5498046875,5629.85009765625,5516.0,5537.64990234375,2764
2024-03-05 13:15:00,5542.7001953125,5542.7001953125,5515.5498046875,5522.0,2999
2024-03-06 09:15:00,5525.0,5534.60009765625,5455.0,5468.0,2709
2024-03-06 13:15:00,5468.0498046875,5483.35009765625,5454.10009765625,5469.2001953125,2923
2024-03-07 09:15:00,5460.0,5549.35009765625,5460.0,5499.9501953125,2892
2024-03-07 13:15:00,5499.9501953125,5510.0,5437.25,5510.0,5897
2024-03-11 09:15:00,5504.60009765625,5517.35009765625,5395.2001953125,5404.9501953125,2652
2024-03-11 13:15:00,5404.0,5415.0,5321.0,5328.0,10279
2024-03-12 09:15:00,5446.5,5446.5,5313.25,5340.85009765625,4259
2024-03-12 13:15:00,5340.7998046875,5348.89990234375,5266.7998046875,5286.10009765625,5586
2024-03-13 09:15:00,5307.2998046875,5313.60009765625,5051.7998046875,5088.64990234375,9458
2024-03-13 13:15:00,5095.7001953125,5225.89990234375,4925.5,5030.14990234375,21473
2024-03-14 09:15:00,5089.85009765625,5145.0,5010.64990234375,5125.14990234375,3094
2024-03-14 13:15:00,5125.10009765625,5129.14990234375,5055.10009765625,5080.85009765625,2620
2024-03-15 09:15:00,5116.0,5223.2001953125,5055.2001953125,5112.4501953125,5883
2024-03-15 13:15:00,5107.0,5115.14990234375,4901.4501953125,4983.89990234375,35021
2024-03-18 09:15:00,4956.4501953125,5145.0,4956.4501953125,5138.0498046875,5340
2024-03-18 13:15:00,5140.75,5149.0,5061.75,5078.2998046875,3102
2024-03-19 09:15:00,5078.35009765625,5078.35009765625,5003.0,5018.60009765625,1244
2024-03-19 13:15:00,5025.14990234375,5032.0,4982.10009765625,5002.0,2364
2024-03-20 09:15:00,5002.0,5005.64990234375,4930.0,4974.75,1567
2024-03-20 13:15:00,4974.75,5039.0,4974.75,5025.2998046875,3671
2024-03-21 09:15:00,5025.2998046875,5060.0,4953.0,5035.75,5645
2024-03-21 13:15:00,5035.75,5087.75,5030.25,5065.2998046875,6172
2024-03-22 09:15:00,5088.0,5113.4501953125,5041.0498046875,5049.39990234375,1983
2024-03-22 13:15:00,5057.0498046875,5107.64990234375,5023.0,5079.0,10040
2024-03-26 09:15:00,5104.35009765625,5193.60009765625,5026.0,5144.85009765625,2506
2024-03-26 13:15:00,5145.2001953125,5150.0,5080.0,5101.60009765625,2343
2024-03-27 09:15:00,5104.7998046875,5242.64990234375,5086.2998046875,5215.85009765625,25827
2024-03-27 13:15:00,5215.25,5314.0,5191.0498046875,5289.5,7805
2024-03-28 09:15:00,5305.35009765625,5404.14990234375,5262.60009765625,5333.0,34327
2024-03-28 13:15:00,5333.0,5350.0,5219.89990234375,5254.35009765625,3910
2024-04-01 09:15:00,5250.14990234375,5481.14990234375,5250.0,5472.14990234375,5180
2024-04-01 13:15:00,5472.5498046875,5575.0,5468.10009765625,5543.0,7816
2024-04-02 09:15:00,5593.0,5594.7001953125,5472.0498046875,5548.2998046875,3550
2024-04-02 13:15:00,5548.25,5560.0,5510.0,5538.0,2448
2024-04-03 09:15:00,5538.0,5589.7001953125,5509.25,5547.5,13131
2024-04-03 13:15:00,5548.14990234375,5550.10009765625,5435.0,5458.4501953125,7638
2024-04-04 09:15:00,5469.0,5499.0,5441.5,5456.25,1291
2024-04-04 13:15:00,5456.25,5470.0,5404.0,5431.2001953125,2519
2024-04-05 09:15:00,5431.0,5456.39990234375,5400.0,5403.2001953125,1977
2024-04-05 13:15:00,5403.2001953125,5437.0,5384.7998046875,5423.0,2356
2024-04-08 09:15:00,5436.0,5462.75,5418.7001953125,5446.25,1394
2024-04-08 13:15:00,5440.35009765625,5450.0,5387.5,5394.9501953125,2410
2024-04-09 09:15:00,5425.0,5425.0,5329.14990234375,5353.7001953125,830
2024-04-09 13:15:00,5360.75,5360.75,5300.0,5314.5498046875,1749
2024-04-10 09:15:00,5307.0,5426.9501953125,5282.10009765625,5373.25,4278
2024-04-10 13:15:00,5373.85009765625,5441.89990234375,5350.5,5397.2001953125,34996
2024-04-12 09:15:00,5396.0,5519.0498046875,5396.0,5497.10009765625,12788
2024-04-12 13:15:00,5503.39990234375,5507.9501953125,5460.0,5475.89990234375,12692
2024-04-15 09:15:00,5230.0,5812.89990234375,5230.0,5511.64990234375,31450
2024-04-15 13:15:00,5509.5,5550.0,5450.0,5500.0,12331
2024-04-16 09:15:00,5525.0,5550.0,5360.60009765625,5360.60009765625,25831
2024-04-16 13:15:00,5370.60009765625,5414.0498046875,5333.0,5365.64990234375,104154
2024-04-18 09:15:00,5390.0,5545.0,5356.0498046875,5518.9501953125,6046
2024-04-18 13:15:00,5518.25,5579.9501953125,5498.4501953125,5553.0,7700
2024-04-19 09:15:00,5501.0,5799.0,5445.0,5750.0,40315
2024-04-19 13:15:00,5753.25,5812.4501953125,5695.60009765625,5716.89990234375,20780
2024-04-22 09:15:00,5826.0,5839.89990234375,5627.0,5640.0498046875,4823
2024-04-22 13:15:00,5640.14990234375,5667.2001953125,5614.0,5632.0,6025
2024-04-23 09:15:00,5729.89990234375,5729.89990234375,5535.0,5541.2001953125,5282
2024-04-23 13:15:00,5547.7998046875,5600.0,5541.60009765625,5555.0,32453
2024-04-24 09:15:00,5574.0,5643.0,5551.2998046875,5567.5498046875,4120
2024-04-24 13:15:00,5566.89990234375,5590.39990234375,5520.5,5522.0,2695
2024-04-25 09:15:00,5523.0,5611.0,5515.7998046875,5578.64990234375,3521
2024-04-25 13:15:00,5570.0,5594.0,5534.0,5573.0,3418
2024-04-26 09:15:00,5588.0,5616.0,5510.0,5536.5498046875,2615
2024-04-26 13:15:00,5534.5498046875,5565.5498046875,5510.0,5525.35009765625,2947
2024-04-29 09:15:00,5536.64990234375,5543.89990234375,5450.10009765625,5485.5,4336
2024-04-29 13:15:00,5470.2998046875,5516.0,5410.35009765625,5420.0,5154
2024-04-30 09:15:00,5475.39990234375,5585.9501953125,5457.2998046875,5552.4501953125,3062
2024-04-30 13:15:00,5552.5498046875,5580.0,5439.89990234375,5506.64990234375,3789
2024-05-02 09:15:00,5566.0,5566.0,5430.5,5442.14990234375,4867
2024-05-02 13:15:00,5435.39990234375,5450.0,5434.0,5443.39990234375,2070
2024-05-03 09:15:00,5454.5498046875,5588.0,5430.5498046875,5450.0,5917
2024-05-03 13:15:00,5439.9501953125,5491.85009765625,5408.0498046875,5462.39990234375,4497
2024-05-06 09:15:00,5497.89990234375,5497.89990234375,5390.0,5392.2001953125,4452
2024-05-06 13:15:00,5392.0,5518.7001953125,5378.39990234375,5432.60009765625,4804
2024-05-07 09:15:00,5443.75,5443.75,5315.0,5371.9501953125,8096
2024-05-07 13:15:00,5378.75,5423.89990234375,5356.0498046875,5392.35009765625,3316
2024-05-08 09:15:00,5390.0,5452.35009765625,5305.5498046875,5422.9501953125,4819
2024-05-08 13:15:00,5422.9501953125,5466.14990234375,5336.10009765625,5403.7001953125,2534
2024-05-09 09:15:00,5414.75,5452.9501953125,5285.0,5288.0498046875,5643
2024-05-09 13:15:00,5295.2998046875,5304.7998046875,5225.0498046875,5262.9501953125,4030
2024-05-10 09:15:00,5264.9501953125,5286.64990234375,5220.0498046875,5250.0,2720
2024-05-10 13:15:00,5250.0,5250.0,5230.0,5239.5498046875,2080
2024-05-13 09:15:00,5250.25,5269.7001953125,5155.2998046875,5204.9501953125,4546
2024-05-13 13:15:00,5204.9501953125,5251.9501953125,5165.0,5218.0,4384
2024-05-14 09:15:00,5234.0,5309.0,5234.0,5286.2998046875,2715
2024-05-14 13:15:00,5295.14990234375,5304.0498046875,5251.0498046875,5301.39990234375,2795
2024-05-15 09:15:00,5301.39990234375,5494.0,5278.0498046875,5434.5,21548
2024-05-15 13:15:00,5432.39990234375,5460.0,5390.0,5403.4501953125,3597
2024-05-16 09:15:00,5422.85009765625,5568.75,5422.85009765625,5448.14990234375,60849
2024-05-16 13:15:00,5442.25,5475.0,5335.75,5373.75,7550
2024-05-17 09:15:00,5406.0,5615.2001953125,5406.0,5600.0,45046
2024-05-17 13:15:00,5604.9501953125,5648.10009765625,5460.14990234375,5525.2998046875,27439
2024-05-21 09:15:00,5650.0,5727.0,5491.75,5700.0498046875,13822
2024-05-21 13:15:00,5701.0,5732.0,5695.0,5717.64990234375,7487
2024-05-22 09:15:00,5736.4501953125,5752.5,5622.2998046875,5630.4501953125,16917
2024-05-22 13:15:00,5630.4501953125,5642.89990234375,5584.0498046875,5624.75,4159
2024-05-23 09:15:00,5627.0,5673.60009765625,5542.0,5575.0498046875,2783
2024-05-23 13:15:00,5575.35009765625,5620.0,5557.0498046875,5591.10009765625,2471
2024-05-24 09:15:00,5382.0,5382.0,5265.0,5289.89990234375,47095
2024-05-24 13:15:00,5289.89990234375,5310.0498046875,5279.0498046875,5281.0,22143
2024-05-27 09:15:00,5180.0,5296.7998046875,5180.0,5207.0,6300
2024-05-27 13:15:00,5202.0498046875,5224.7998046875,5182.0498046875,5194.89990234375,4614
2024-05-28 09:15:00,5201.0,5241.4501953125,5170.0498046875,5190.0498046875,2793
2024-05-28 13:15:00,5190.0,5265.0,5151.0,5202.85009765625,4395
2024-05-29 09:15:00,5244.0,5265.10009765625,5168.0,5179.9501953125,3925
2024-05-29 13:15:00,5175.0498046875,5185.0,4953.7001953125,4996.14990234375,51327
2024-05-30 09:15:00,5025.0498046875,5083.5498046875,5002.89990234375,5060.0,3730
2024-05-30 13:15:00,5053.5498046875,5100.0,5002.0,5037.75,11701
2024-05-31 09:15:00,5057.0,5075.0,4949.0,4970.0,7400
2024-05-31 13:15:00,4970.0,5070.10009765625,4961.2001953125,5028.64990234375,9940
2024-06-03 09:15:00,5215.0,5225.0,5076.2001953125,5152.0498046875,5229
2024-06-03 13:15:00,5151.5,5189.89990234375,5144.85009765625,5165.35009765625,5169
2024-06-04 09:15:00,5170.0,5172.85009765625,4950.0,5100.0,14650
2024-06-04 13:15:00,5081.7001953125,5165.0,5067.5498046875,5098.9501953125,4649
2024-06-05 09:15:00,5098.9501953125,5259.89990234375,5085.5498046875,5235.2998046875,13823
2024-06-05 13:15:00,5238.0,5300.0,5227.10009765625,5261.25,6975
2024-06-06 09:15:00,5304.85009765625,5554.0,5304.85009765625,5533.2001953125,29037
2024-06-06 13:15:00,5528.0,5567.0,5489.14990234375,5526.7998046875,19514
2024-06-07 09:15:00,5560.0,5624.0,5480.0,5610.7998046875,15455
2024-06-07 13:15:00,5605.0,5715.0,5589.5498046875,5700.0,14934
2024-06-10 09:15:00,5700.0,5987.9501953125,5620.0498046875,5950.0,31876
2024-06-10 13:15:00,5956.39990234375,5974.89990234375,5884.0,5911.89990234375,10260
2024-06-11 09:15:00,5890.0,6128.5498046875,5890.0,6100.0,24422
2024-06-11 13:15:00,6100.0,6113.10009765625,6038.0,6065.4501953125,12145
2024-06-12 09:15:00,6076.25,6157.0,6011.39990234375,6079.60009765625,36355
2024-06-12 13:15:00,6079.60009765625,6099.9501953125,6008.0,6080.5,8672
2024-06-13 09:15:00,6079.9501953125,6180.0,6066.0,6161.0,10418
2024-06-13 13:15:00,6169.0,6169.0,6110.2001953125,6134.10009765625,6135
2024-06-14 09:15:00,6140.25,6145.0,5985.85009765625,6117.75,9068
2024-06-14 13:15:00,6118.9501953125,6151.25,6090.0,6107.7001953125,7492
2024-06-18 09:15:00,6139.7998046875,6280.0,6120.0,6230.60009765625,8190
2024-06-18 13:15:00,6230.5498046875,6236.0,6068.14990234375,6131.7001953125,15098
2024-06-19 09:15:00,6150.0,6197.7001953125,6116.5498046875,6142.7998046875,6584
2024-06-19 13:15:00,6149.89990234375,6176.89990234375,6140.0,6145.0,7925
2024-06-20 09:15:00,6169.60009765625,6189.9501953125,6100.0,6170.0,7548
2024-06-20 13:15:00,6170.0,6234.10009765625,6133.5498046875,6210.7998046875,8100
2024-06-21 09:15:00,6300.0,6667.39990234375,6289.85009765625,6540.25,126198
2024-06-21 13:15:00,6531.0,6650.0,6470.0,6477.0,156258
2024-06-24 09:15:00,6496.9501953125,6655.0,6280.9501953125,6607.2998046875,36741
2024-06-24 13:15:00,6616.7998046875,6645.7998046875,6550.0,6600.0,20184
2024-06-25 09:15:00,6470.0,6567.9501953125,6380.0,6403.0,15356
2024-06-25 13:15:00,6399.0,6437.7998046875,6322.60009765625,6366.35009765625,13171
2024-06-26 09:15:00,6392.5498046875,6484.0,6302.0498046875,6391.0,5423
2024-06-26 13:15:00,6385.0,6567.2998046875,6385.0,6542.5,25279
2024-06-27 09:15:00,6507.9501953125,6825.0,6502.2001953125,6669.85009765625,23981
2024-06-27 13:15:00,6670.0498046875,6670.0498046875,6606.9501953125,6653.89990234375,48062
2024-06-28 09:15:00,6700.0,6755.9501953125,6551.0,6638.4501953125,5832
2024-06-28 13:15:00,6639.2998046875,6818.25,6584.0,6712.39990234375,15150
2024-07-01 09:15:00,6714.0,6971.0,6714.0,6799.2001953125,36315
2024-07-01 13:15:00,6791.9501953125,6799.4501953125,6659.9501953125,6693.7001953125,13614
2024-07-02 09:15:00,6685.0,6730.4501953125,6505.0498046875,6546.60009765625,15626
2024-07-02 13:15:00,6550.85009765625,6600.0,6510.0,6510.0,9827
2024-07-03 09:15:00,6615.0498046875,6698.0,6421.0498046875,6426.39990234375,21651
2024-07-03 13:15:00,6426.5,6490.0,6402.0,6453.60009765625,14657
2024-07-04 09:15:00,6522.25,6597.9501953125,6447.5,6585.0,14861
2024-07-04 13:15:00,6578.60009765625,6598.0,6557.4501953125,6569.10009765625,7450
2024-07-05 09:15:00,6570.0,6585.5498046875,6500.0498046875,6575.2998046875,4875
2024-07-05 13:15:00,6577.14990234375,6588.0,6505.0,6567.25,6487
2024-07-08 09:15:00,6568.0,6675.5,6568.0,6658.10009765625,8959
2024-07-08 13:15:00,6657.89990234375,6667.9501953125,6620.5498046875,6665.0,2018
2024-07-09 09:15:00,6666.0,6709.2998046875,6607.2001953125,6617.9501953125,30649
2024-07-09 13:15:00,6609.2001953125,6637.2001953125,6558.25,6629.89990234375,4584
2024-07-10 09:15:00,6623.14990234375,6655.9501953125,6483.7998046875,6580.7998046875,18473
2024-07-10 13:15:00,6584.2998046875,6600.9501953125,6552.39990234375,6589.35009765625,3432
2024-07-11 09:15:00,6589.35009765625,6614.0,6532.2998046875,6568.7001953125,5186
2024-07-11 13:15:00,6570.9501953125,6625.75,6520.0,6588.75,189580
2024-07-12 09:15:00,6580.0,6617.5,6540.0,6559.2998046875,1370
2024-07-12 13:15:00,6566.89990234375,6580.0,6530.0,6560.0,3097
2024-07-15 09:15:00,6587.7001953125,6645.5,6500.0,6630.9501953125,62474
2024-07-15 13:15:00,6636.4501953125,6645.0,6552.39990234375,6582.89990234375,15967
2024-07-16 09:15:00,6597.2001953125,6630.0,6544.0,6568.14990234375,3971
2024-07-16 13:15:00,6566.0,6600.0498046875,6546.64990234375,6597.89990234375,4630
2024-07-18 09:15:00,6612.39990234375,6739.35009765625,6542.0,6615.5498046875,29070
2024-07-18 13:15:00,6618.14990234375,6650.0,6549.9501953125,6643.0,12774
2024-07-19 09:15:00,6664.9501953125,6664.9501953125,6540.0,6629.5498046875,13200
2024-07-19 13:15:00,6631.7998046875,6650.0498046875,6484.0,6529.5498046875,16909
2024-07-22 09:15:00,6485.0,6804.64990234375,6377.75,6729.7998046875,93851
2024-07-22 13:15:00,6732.0,6754.0,6679.10009765625,6699.89990234375,29268
2024-07-23 09:15:00,6741.10009765625,6774.2001953125,6500.10009765625,6664.35009765625,68793
2024-07-23 13:15:00,6663.0,6709.0,6645.0,6691.9501953125,7913
2024-07-24 09:15:00,6740.0,6740.0,6600.0498046875,6665.5,34403
2024-07-24 13:15:00,6659.2998046875,6667.89990234375,6582.2998046875,6630.0,4607
2024-07-25 09:15:00,6627.35009765625,6662.0,6600.5,6634.0,5179
2024-07-25 13:15:00,6641.25,6647.5,6602.64990234375,6625.5498046875,5116
2024-07-26 09:15:00,6627.5,6699.9501953125,6570.75,6659.35009765625,44560
2024-07-26 13:15:00,6659.9501953125,6669.0,6600.10009765625,6622.5,3303
2024-07-29 09:15:00,6657.39990234375,7060.25,6632.39990234375,6944.25,31115
2024-07-29 13:15:00,6922.39990234375,6982.0,6894.64990234375,6945.5,10981
2024-07-30 09:15:00,7018.0,7018.0,6879.89990234375,6950.0,13179
2024-07-30 13:15:00,6950.0,6950.0,6921.39990234375,6947.2998046875,4612
2024-07-31 09:15:00,6968.89990234375,7103.7001953125,6909.10009765625,7060.60009765625,18130
2024-07-31 13:15:00,7061.10009765625,7070.0,6933.4501953125,6956.5,26352
2024-08-01 09:15:00,6911.0,7024.0,6890.0,6942.7998046875,3728
2024-08-01 13:15:00,6940.0,6942.75,6845.2998046875,6886.7998046875,3373
2024-08-02 09:15:00,6824.2001953125,6969.4501953125,6756.2001953125,6857.5,6498
2024-08-02 13:15:00,6856.5498046875,6934.0,6830.0498046875,6874.5498046875,6307
2024-08-05 09:15:00,6800.0,6800.0,6563.2001953125,6682.2998046875,9449
2024-08-05 13:15:00,6682.0,6749.14990234375,6613.25,6650.0498046875,4672
2024-08-06 09:15:00,6671.75,6799.0,6671.75,6787.7998046875,5277
2024-08-06 13:15:00,6787.0,6800.10009765625,6744.0,6775.0,10871
2024-08-07 09:15:00,6767.7001953125,6938.89990234375,6739.2001953125,6756.10009765625,11492
2024-08-07 13:15:00,6748.14990234375,6981.0,6740.0498046875,6944.39990234375,14427
2024-08-08 09:15:00,7047.0,7196.85009765625,6984.0,7020.0,14118
2024-08-08 13:15:00,7020.0,7065.0,6903.35009765625,6924.5498046875,7362
2024-08-09 09:15:00,6350.0,6649.0,6350.0,6592.85009765625,109939
2024-08-09 13:15:00,6587.5,6632.0,6568.75,6603.0,67011
2024-08-12 09:15:00,6599.0498046875,6600.10009765625,6470.0,6580.2001953125,5115
2024-08-12 13:15:00,6580.5498046875,6584.0,6346.5,6405.0,19711
2024-08-13 09:15:00,6456.0,6456.0,6246.0,6317.39990234375,16450
2024-08-13 13:15:00,6315.9501953125,6315.9501953125,6198.0498046875,6245.0,6108
2024-08-14 09:15:00,6200.0,6313.9501953125,6168.2998046875,6268.2998046875,9419
2024-08-14 13:15:00,6259.25,6263.9501953125,6185.9501953125,6217.7001953125,11517
2024-08-16 09:15:00,6255.39990234375,6333.25,6044.0,6085.10009765625,30268
2024-08-16 13:15:00,6085.14990234375,6241.7998046875,6085.0,6158.7001953125,17916
2024-08-19 09:15:00,6218.0,6250.0,6160.0,6191.5,32916
2024-08-19 13:15:00,6197.9501953125,6200.0,6146.64990234375,6189.25,11119
2024-08-20 09:15:00,6202.85009765625,6301.0,6188.4501953125,6230.0,58351
2024-08-20 13:15:00,6230.0,6230.64990234375,6220.0,6225.10009765625,7017
2024-08-21 09:15:00,6267.75,6415.4501953125,6250.0498046875,6352.2998046875,48863
2024-08-21 13:15:00,6352.35009765625,6395.9501953125,6313.25,6326.0498046875,8379
2024-08-22 09:15:00,6397.7998046875,6397.7998046875,6235.39990234375,6253.7001953125,62680
2024-08-22 13:15:00,6264.10009765625,6332.0,6252.9501953125,6309.10009765625,58060
2024-08-23 09:15:00,6307.4501953125,6333.2998046875,6264.7001953125,6320.0,32487
2024-08-23 13:15:00,6320.0,6324.64990234375,6250.0,6288.9501953125,9523
2024-08-26 09:15:00,6303.4501953125,6344.0,6285.0,6294.85009765625,4259
2024-08-26 13:15:00,6299.64990234375,6314.64990234375,6250.5,6280.64990234375,2483
2024-08-27 09:15:00,6280.64990234375,6474.75,6280.64990234375,6388.89990234375,10192
2024-08-27 13:15:00,6388.89990234375,6400.0,6370.0,6380.7001953125,7233
2024-08-28 09:15:00,6390.0,6460.0,6322.25,6344.89990234375,4055
2024-08-28 13:15:00,6338.75,6400.0,6333.0,6371.9501953125,4584
2024-08-29 09:15:00,6349.0498046875,6443.10009765625,6349.0498046875,6368.5498046875,83762
2024-08-29 13:15:00,6375.5,6380.0,6300.7998046875,6316.60009765625,13613
2024-08-30 09:15:00,6318.4501953125,6373.4501953125,6235.7998046875,6332.9501953125,60196
2024-08-30 13:15:00,6324.0,6332.5,6260.75,6289.0498046875,6905
2024-09-02 09:15:00,6300.2001953125,6395.0,6289.85009765625,6335.0498046875,29096
2024-09-02 13:15:00,6335.0498046875,6346.0498046875,6295.0,6314.0498046875,13174
2024-09-03 09:15:00,6350.0498046875,6438.0,6350.0498046875,6379.9501953125,8541
2024-09-03 13:15:00,6380.0,6390.0,6351.5498046875,6368.25,4042
2024-09-04 09:15:00,6368.2001953125,6559.89990234375,6367.7998046875,6492.9501953125,102192
2024-09-04 13:15:00,6493.0,6507.7001953125,6475.0,6498.64990234375,4315
2024-09-05 09:15:00,6560.0,6560.0,6436.5,6447.85009765625,8598
2024-09-05 13:15:00,6447.5498046875,6500.0,6429.14990234375,6440.2998046875,3839
2024-09-06 09:15:00,6446.85009765625,6499.89990234375,6345.60009765625,6371.0,3080
2024-09-06 13:15:00,6370.5,6429.60009765625,6315.0,6335.0498046875,4613
2024-09-09 09:15:00,6335.0498046875,6335.0498046875,6213.39990234375,6261.75,13705
2024-09-09 13:15:00,6261.64990234375,6319.89990234375,6250.0,6277.0,23626
2024-09-10 09:15:00,6295.60009765625,6525.0,6295.60009765625,6449.60009765625,29004
2024-09-10 13:15:00,6449.5498046875,6500.0,6445.64990234375,6490.7001953125,5919
2024-09-11 09:15:00,6491.0,6516.9501953125,6465.7001953125,6498.75,14000
2024-09-11 13:15:00,6498.75,6500.0,6487.10009765625,6492.10009765625,3818
2024-09-12 09:15:00,6517.7001953125,6545.85009765625,6474.7001953125,6522.60009765625,25044
2024-09-12 13:15:00,6530.7001953125,6545.2998046875,6502.2998046875,6529.7998046875,8834
2024-09-13 09:15:00,6564.2001953125,6564.2001953125,6439.5,6500.0,14113
2024-09-13 13:15:00,6497.60009765625,6515.0,6480.7998046875,6495.89990234375,13423
2024-09-16 09:15:00,6550.0,6550.0,6475.0498046875,6500.0,5054
2024-09-16 13:15:00,6500.0,6514.39990234375,6472.2998046875,6499.2001953125,1843
2024-09-17 09:15:00,6499.0,6536.39990234375,6445.0,6466.60009765625,6113
2024-09-17 13:15:00,6465.0,6540.0,6451.25,6485.7998046875,8434
2024-09-18 09:15:00,6478.75,6577.60009765625,6425.0498046875,6434.35009765625,8668
2024-09-18 13:15:00,6434.14990234375,6491.0,6393.35009765625,6433.5498046875,3986
2024-09-19 09:15:00,6444.0,6495.7998046875,6311.0498046875,6358.5498046875,8282
2024-09-19 13:15:00,6358.5,6457.85009765625,6325.2001953125,6399.35009765625,4282
2024-09-20 09:15:00,6424.9501953125,6424.9501953125,6260.0,6260.2998046875,10457
2024-09-20 13:15:00,6268.64990234375,6318.9501953125,6229.0,6230.0,25883
2024-09-23 09:15:00,6246.10009765625,6248.85009765625,6151.0,6238.7998046875,3315
2024-09-23 13:15:00,6238.5,6257.89990234375,6222.0,6238.14990234375,5747
2024-09-24 09:15:00,6277.2998046875,6288.64990234375,6155.0,6216.0,15920
2024-09-24 13:15:00,6216.0498046875,6235.0,6190.0,6195.0,6083
2024-09-25 09:15:00,6205.0,6255.0,6190.0498046875,6244.9501953125,37981
2024-09-25 13:15:00,6245.14990234375,6255.0,6214.9501953125,6250.39990234375,10107
2024-09-26 09:15:00,6255.0,6366.0,6194.9501953125,6250.35009765625,29639
2024-09-26 13:15:00,6259.0498046875,6295.0,6229.9501953125,6265.0,23185
2024-09-27 09:15:00,6270.25,6386.5,6252.2001953125,6300.0,12965
2024-09-27 13:15:00,6300.0,6380.0,6256.2998046875,6290.10009765625,13572
2024-09-30 09:15:00,6267.2998046875,6387.2001953125,6263.64990234375,6350.0,3127
2024-09-30 13:15:00,6349.39990234375,6435.0,6325.0498046875,6411.7998046875,5614
2024-10-01 09:15:00,6420.0,6623.5498046875,6361.14990234375,6592.7001953125,14298
2024-10-01 13:15:00,6590.0,6610.0,6580.25,6600.0,69800
2024-10-03 09:15:00,6597.9501953125,6757.0,6470.0,6499.0,98986
2024-10-03 13:15:00,6504.7998046875,6516.75,6406.2001953125,6497.0498046875,9686
2024-10-04 09:15:00,6456.7998046875,6629.0,6307.10009765625,6527.0,49984
2024-10-04 13:15:00,6527.0,6697.85009765625,6519.25,6641.0498046875,72086
2024-10-07 09:15:00,6740.0,6805.7998046875,6560.5498046875,6656.0,72095
2024-10-07 13:15:00,6656.35009765625,6656.35009765625,6542.14990234375,6599.0,9228
2024-10-08 09:15:00,6740.0,6897.35009765625,6577.25,6595.0,118882
2024-10-08 13:15:00,6599.9501953125,6719.7998046875,6595.0,6659.4501953125,26375
2024-10-09 09:15:00,6798.7001953125,6895.75,6668.35009765625,6717.39990234375,36639
2024-10-09 13:15:00,6717.7001953125,6750.0,6710.10009765625,6737.35009765625,13113
2024-10-10 09:15:00,6782.2998046875,6848.0,6689.2998046875,6768.2998046875,3700
2024-10-10 13:15:00,6768.2998046875,6777.7998046875,6721.35009765625,6732.25,4451
2024-10-11 09:15:00,6793.2001953125,6793.2001953125,6685.0,6738.39990234375,4187
2024-10-11 13:15:00,6738.39990234375,6765.25,6704.0,6733.25,5932
2024-10-14 09:15:00,6742.2001953125,6761.89990234375,6585.5498046875,6610.0498046875,3737
2024-10-14 13:15:00,6605.0498046875,6640.60009765625,6591.0498046875,6620.89990234375,3725
2024-10-15 09:15:00,6614.7001953125,6640.0,6555.0,6565.0,6878
2024-10-15 13:15:00,6565.0,6589.0,6563.2001953125,6578.25,8511
2024-10-16 09:15:00,6595.0,6598.0498046875,6504.2998046875,6538.25,5330
2024-10-16 13:15:00,6534.5498046875,6827.85009765625,6495.35009765625,6782.25,77993
2024-10-17 09:15:00,6839.9501953125,6900.0,6665.2001953125,6693.2998046875,7836
2024-10-17 13:15:00,6693.5,6729.9501953125,6650.9501953125,6688.5,5955
2024-10-18 09:15:00,6690.0,6690.0,6529.39990234375,6576.2998046875,4538
2024-10-18 13:15:00,6576.7001953125,6615.64990234375,6565.0,6576.0498046875,3634
2024-10-21 09:15:00,6576.0,6658.9501953125,6508.0,6618.9501953125,3866
2024-10-21 13:15:00,6619.25,6698.0,6610.0,6661.39990234375,7360
2024-10-22 09:15:00,6710.0,6768.0,6470.39990234375,6524.89990234375,10459
2024-10-22 13:15:00,6525.5,6589.0,6370.2998046875,6370.2998046875,11130
2024-10-23 09:15:00,6376.7001953125,6430.4501953125,6253.39990234375,6358.0,10589
2024-10-23 13:15:00,6352.5498046875,6429.7001953125,6300.0,6346.9501953125,6954
2024-10-24 09:15:00,6346.9501953125,6400.0,6340.0,6365.64990234375,21891
2024-10-24 13:15:00,6358.89990234375,6386.25,6320.0,6354.85009765625,7064
2024-10-25 09:15:00,6329.75,6415.4501953125,6329.75,6399.0,7586
2024-10-25 13:15:00,6392.25,6424.7998046875,6260.5,6323.0498046875,7255
2024-10-28 09:15:00,6302.0,6549.5,6302.0,6484.7001953125,4510
2024-10-28 13:15:00,6485.0,6500.0,6434.0,6458.7001953125,2068
2024-10-29 09:15:00,6462.0,6540.0,6380.0,6519.75,7906
2024-10-29 13:15:00,6519.9501953125,6540.0,6430.0498046875,6472.2001953125,5117
2024-10-30 09:15:00,6456.7998046875,6503.89990234375,6390.0,6397.60009765625,4138
2024-10-30 13:15:00,6397.64990234375,6470.0,6354.9501953125,6369.25,15014
2024-10-31 09:15:00,6369.25,6600.0,6350.10009765625,6591.85009765625,7435
2024-10-31 13:15:00,6590.7998046875,6700.0,6570.0,6625.85009765625,9803
2024-11-04 09:15:00,6720.0,6720.0,6550.0,6702.9501953125,11282
2024-11-04 13:15:00,6702.25,6752.0,6700.0,6719.5,39665
2024-11-05 09:15:00,6720.0,6819.14990234375,6700.0,6712.89990234375,19933
2024-11-05 13:15:00,6719.9501953125,6778.85009765625,6708.89990234375,6759.9501953125,64090
2024-11-06 09:15:00,6772.5,6862.0,6716.5498046875,6727.2001953125,4041
2024-11-06 13:15:00,6721.2998046875,6732.0,6652.14990234375,6674.0,4434
2024-11-07 09:15:00,6650.0498046875,6728.0,6625.0,6640.0,3645
2024-11-07 13:15:00,6647.0498046875,6650.0,6630.0,6643.89990234375,4178
2024-11-08 09:15:00,6643.89990234375,6670.0,6570.0,6605.0,2699
2024-11-08 13:15:00,6605.0,6605.0,6579.0498046875,6596.39990234375,2580
2024-11-11 09:15:00,6631.10009765625,6631.10009765625,6421.0498046875,6433.5,10259
2024-11-11 13:15:00,6433.5,6442.2001953125,6366.0,6387.39990234375,5625
2024-11-12 09:15:00,6371.0,6449.0,6340.0498046875,6381.7998046875,1717
2024-11-12 13:15:00,6381.7998046875,6383.89990234375,6300.0498046875,6315.35009765625,3915
2024-11-13 09:15:00,6282.0,6315.60009765625,6102.0,6139.5498046875,13325
2024-11-13 13:15:00,6136.2001953125,6155.0,6054.35009765625,6078.7998046875,5023
2024-11-14 09:15:00,5954.35009765625,6138.89990234375,5900.4501953125,5900.4501953125,9797
2024-11-14 13:15:00,5900.0498046875,5909.2001953125,5875.10009765625,5892.85009765625,12779
2024-11-18 09:15:00,5800.0498046875,5871.2001953125,5635.0,5638.39990234375,9791
2024-11-18 13:15:00,5640.0,5754.0,5640.0,5686.7001953125,30952
2024-11-19 09:15:00,5655.0,5786.0,5643.4501953125,5672.0,8251
2024-11-19 13:15:00,5670.5,5687.60009765625,5656.60009765625,5665.89990234375,8670
2024-11-21 09:15:00,5680.0,5949.9501953125,5621.0,5771.4501953125,39510
2024-11-21 13:15:00,5774.64990234375,5820.0,5720.0,5787.64990234375,17518
2024-11-22 09:15:00,5800.0,5847.5,5735.0,5746.75,10504
2024-11-22 13:15:00,5750.0,5787.14990234375,5725.0,5730.0,12654
2024-11-25 09:15:00,5751.14990234375,5895.0,5751.14990234375,5820.4501953125,12118
2024-11-25 13:15:00,5814.9501953125,5817.10009765625,5771.60009765625,5791.0,12866
2024-11-26 09:15:00,5806.14990234375,5889.25,5791.0,5816.9501953125,5800
2024-11-26 13:15:00,5827.35009765625,5834.9501953125,5790.25,5804.7001953125,7017
2024-11-27 09:15:00,5849.0,5886.10009765625,5783.7998046875,5795.89990234375,10640
2024-11-27 13:15:00,5795.89990234375,5810.2001953125,5790.0,5798.9501953125,10715
2024-11-28 09:15:00,5735.0,5795.0,5663.0,5680.0,17009
2024-11-28 13:15:00,5680.0,5715.0,5643.0498046875,5650.0498046875,13931
2024-11-29 09:15:00,5764.9501953125,5764.9501953125,5628.0,5701.0,10998
2024-11-29 13:15:00,5700.14990234375,5705.0,5680.7001953125,5692.2998046875,13153
2024-12-02 09:15:00,5710.0,5829.9501953125,5661.85009765625,5817.14990234375,11995
2024-12-02 13:15:00,5817.14990234375,5910.0,5812.0498046875,5905.0,12414
2024-12-03 09:15:00,5834.25,6150.0,5834.25,6115.7001953125,12399
2024-12-03 13:15:00,6115.39990234375,6224.5,6064.0498046875,6154.89990234375,15052
2024-12-04 09:15:00,6125.0,6212.85009765625,6088.0498046875,6101.89990234375,6642
2024-12-04 13:15:00,6100.60009765625,6125.0,6080.0,6100.25,5216
2024-12-05 09:15:00,6140.0,6175.0,6075.0,6080.9501953125,3480
2024-12-05 13:15:00,6081.35009765625,6119.25,6040.64990234375,6099.0,6617
2024-12-06 09:15:00,6130.35009765625,6130.35009765625,6031.0,6062.35009765625,3605
2024-12-06 13:15:00,6062.35009765625,6062.35009765625,6020.0,6037.9501953125,4628
2024-12-09 09:15:00,6037.9501953125,6105.0,6037.9501953125,6067.75,5137
2024-12-09 13:15:00,6067.75,6075.0,6021.9501953125,6062.7998046875,5471
2024-12-10 09:15:00,6063.0,6119.5,6042.4501953125,6119.5,5618
2024-12-10 13:15:00,6114.89990234375,6320.85009765625,6111.0498046875,6209.7001953125,15566
2024-12-11 09:15:00,6220.0,6283.2001953125,6188.10009765625,6249.89990234375,5332
2024-12-11 13:15:00,6249.89990234375,6349.0,6232.0498046875,6347.10009765625,27277
2024-12-12 09:15:00,6330.2001953125,6330.2001953125,6220.0,6234.10009765625,3341
2024-12-12 13:15:00,6221.60009765625,6267.7998046875,6214.75,6257.35009765625,3484
2024-12-13 09:15:00,6231.0,6231.0,6118.14990234375,6195.0498046875,8969
2024-12-13 13:15:00,6198.85009765625,6279.9501953125,6170.0,6243.0,8982
2024-12-16 09:15:00,6200.0,6277.7998046875,6200.0,6222.5498046875,2738
2024-12-16 13:15:00,6222.5498046875,6235.9501953125,6185.0,6224.85009765625,7256
2024-12-17 09:15:00,6225.2998046875,6230.0,6102.0,6119.0,6425
2024-12-17 13:15:00,6115.0,6115.0498046875,6001.0498046875,6023.25,22582
2024-12-18 09:15:00,6023.25,6029.75,5780.0,5791.0,16256
2024-12-18 13:15:00,5796.5,5803.89990234375,5674.9501953125,5717.2001953125,17770
2024-12-19 09:15:00,5566.0,5879.0,5566.0,5855.0,8383
2024-12-19 13:15:00,5863.2001953125,5919.0,5772.5,5800.9501953125,16529
2024-12-20 09:15:00,5810.0,5894.0498046875,5760.0,5860.0,18827
2024-12-20 13:15:00,5860.0,5877.85009765625,5860.0,5861.7001953125,9738
2024-12-23 09:15:00,5815.0498046875,5922.39990234375,5718.0498046875,5899.7001953125,5350
2024-12-23 13:15:00,5899.7001953125,5917.85009765625,5703.2998046875,5783.0,17687
2024-12-24 09:15:00,5766.5,5825.64990234375,5737.39990234375,5784.89990234375,1995
2024-12-24 13:15:00,5784.89990234375,5799.25,5675.25,5701.14990234375,17254
2024-12-26 09:15:00,5700.0,5739.14990234375,5677.0,5739.14990234375,3293
2024-12-26 13:15:00,5735.2001953125,5812.0,5735.2001953125,5784.85009765625,4508
2024-12-27 09:15:00,5800.0,5817.75,5750.7998046875,5760.4501953125,1005
2024-12-27 13:15:00,5760.4501953125,5815.0,5751.0,5784.9501953125,3557
2024-12-30 09:15:00,5800.0,5829.0,5730.9501953125,5823.25,3269
2024-12-30 13:15:00,5823.2998046875,5823.7001953125,5459.14990234375,5480.0,56029
2024-12-31 09:15:00,5489.9501953125,5530.7001953125,5412.4501953125,5502.2001953125,22585
2024-12-31 13:15:00,5502.2998046875,5590.0,5500.0,5505.0,21791
2025-01-01 09:15:00,5594.0,5594.64990234375,5507.0,5547.2998046875,1841
2025-01-01 13:15:00,5559.5498046875,5559.5498046875,5517.0498046875,5530.0,1424
2025-01-02 09:15:00,5549.9501953125,5557.10009765625,5490.0,5534.9501953125,5284
2025-01-02 13:15:00,5528.35009765625,5659.9501953125,5521.2001953125,5631.5498046875,13078
2025-01-03 09:15:00,5592.0,5648.5,5591.14990234375,5630.2001953125,1437
2025-01-03 13:15:00,5623.2998046875,5637.7998046875,5622.2998046875,5627.2998046875,3347
2025-01-06 09:15:00,5627.2998046875,5629.0498046875,5450.0,5496.75,4573
2025-01-06 13:15:00,5492.0,5519.9501953125,5435.0,5505.0,7748
2025-01-07 09:15:00,5539.9501953125,5560.0,5500.60009765625,5520.0,1193
2025-01-07 13:15:00,5516.14990234375,5579.89990234375,5516.14990234375,5540.10009765625,3962
2025-01-08 09:15:00,5563.25,5563.25,5487.2001953125,5547.0,2104
2025-01-08 13:15:00,5546.0498046875,5547.25,5466.0498046875,5469.0,9217
2025-01-09 09:15:00,5495.35009765625,5775.85009765625,5480.60009765625,5642.9501953125,21404
2025-01-09 13:15:00,5646.2998046875,5651.7998046875,5558.35009765625,5580.39990234375,12910
2025-01-10 09:15:00,5567.0498046875,5570.0,5400.25,5400.25,6629
2025-01-10 13:15:00,5400.0,5410.0,5274.9501953125,5274.9501953125,21998
2025-01-13 09:15:00,5270.0,5289.9501953125,5188.10009765625,5211.2001953125,10390
2025-01-13 13:15:00,5219.7998046875,5231.10009765625,5110.7998046875,5134.35009765625,19956
2025-01-14 09:15:00,5149.9501953125,5252.0,5149.9501953125,5222.0,2903
2025-01-14 13:15:00,5218.39990234375,5270.0,5088.0,5149.0,11526
2025-01-15 09:15:00,5185.0,5267.9501953125,5160.0,5209.7001953125,16420
2025-01-15 13:15:00,5205.60009765625,5218.5,5130.7998046875,5140.0,14971
2025-01-16 09:15:00,5202.0,5235.2998046875,5133.0498046875,5145.0,2408
2025-01-16 13:15:00,5145.0,5165.85009765625,5131.0498046875,5137.7998046875,2991
2025-01-17 09:15:00,5164.7998046875,5209.0,5122.89990234375,5127.7998046875,2337
2025-01-17 13:15:00,5125.14990234375,5129.0,5080.2001953125,5105.5,4637
2025-01-20 09:15:00,5161.4501953125,5188.9501953125,5035.7001953125,5046.7998046875,4891
2025-01-20 13:15:00,5042.64990234375,5054.39990234375,5023.0,5028.60009765625,6067
2025-01-21 09:15:00,5042.14990234375,5100.0,4990.0,5000.0,8904
2025-01-21 13:15:00,4999.9501953125,5065.0,4973.89990234375,5015.14990234375,12582
2025-01-22 09:15:00,5014.4501953125,5034.9501953125,4938.0,4953.10009765625,7031
2025-01-22 13:15:00,4952.0,4975.0498046875,4920.2998046875,4955.89990234375,11357
2025-01-23 09:15:00,4999.89990234375,5096.7998046875,4934.89990234375,5092.0498046875,2350
2025-01-23 13:15:00,5093.0,5183.5,5081.35009765625,5135.0,9028
2025-01-24 09:15:00,5118.0,5128.89990234375,4984.5498046875,5003.5,6329
2025-01-24 13:15:00,5004.39990234375,5010.60009765625,4944.10009765625,4960.2001953125,7690
2025-01-27 09:15:00,4947.5,4960.35009765625,4795.0498046875,4819.4501953125,4193
2025-01-27 13:15:00,4819.4501953125,4919.89990234375,4800.5498046875,4850.0,9361
2025-01-28 09:15:00,4851.0,4876.2001953125,4786.0,4823.39990234375,4003
2025-01-28 13:15:00,4824.9501953125,4830.0,4794.5,4795.0,5749
2025-01-29 09:15:00,4880.0,4939.9501953125,4800.60009765625,4924.7001953125,4414
2025-01-29 13:15:00,4920.0498046875,5039.64990234375,4920.0498046875,5000.0,7439
2025-01-30 09:15:00,5013.0498046875,5135.0,5013.0498046875,5108.7001953125,4217
2025-01-30 13:15:00,5108.64990234375,5114.0,5090.0,5102.25,4273
2025-01-31 09:15:00,5147.9501953125,5147.9501953125,5047.0,5105.89990234375,3734
2025-01-31 13:15:00,5104.89990234375,5128.39990234375,5087.0498046875,5115.89990234375,5638
2025-02-03 09:15:00,5135.0,5239.0,5095.39990234375,5186.2998046875,4949
2025-02-03 13:15:00,5186.5498046875,5195.0498046875,5030.0,5099.64990234375,6410
2025-02-04 09:15:00,5122.60009765625,5227.0,5115.7998046875,5214.7998046875,3894
2025-02-04 13:15:00,5214.7001953125,5214.7001953125,5106.0,5121.9501953125,4058
2025-02-05 09:15:00,5118.14990234375,5142.85009765625,5054.0,5055.0,3871
2025-02-05 13:15:00,5053.14990234375,5064.9501953125,5021.14990234375,5035.7998046875,3432
2025-02-06 09:15:00,5020.14990234375,5090.0,5016.5498046875,5028.7998046875,3856
2025-02-06 13:15:00,5023.39990234375,5058.39990234375,5010.0,5043.39990234375,5605
2025-02-07 09:15:00,5040.5,5059.2998046875,4925.5,4944.10009765625,4102
2025-02-07 13:15:00,4945.25,4981.4501953125,4930.2001953125,4950.0,2532
2025-02-10 09:15:00,4927.0,4951.0498046875,4865.0,4869.7998046875,2316
2025-02-10 13:15:00,4869.14990234375,4889.14990234375,4827.0,4857.9501953125,4530
2025-02-11 09:15:00,4827.0498046875,4840.2998046875,4782.0,4783.0498046875,3517
2025-02-11 13:15:00,4782.0,4797.14990234375,4780.5,4780.5,6138
2025-02-12 09:15:00,4695.0,4695.0,4404.0498046875,4450.2001953125,98153
2025-02-12 13:15:00,4450.0,4480.0,4360.0498046875,4389.5,63001
2025-02-13 09:15:00,4344.25,4425.0,4218.7998046875,4419.75,83413
2025-02-13 13:15:00,4417.35009765625,4450.0,4290.85009765625,4369.0498046875,58823
2025-02-14 09:15:00,4351.5498046875,4438.4501953125,4319.75,4391.75,48090
2025-02-14 13:15:00,4393.75,4631.39990234375,4342.9501953125,4420.10009765625,53310
2025-02-17 09:15:00,4415.5,4529.25,4360.2001953125,4509.5,16634
2025-02-17 13:15:00,4509.5498046875,4663.2998046875,4482.0,4587.60009765625,17686
2025-02-18 09:15:00,4570.0,4627.85009765625,4500.10009765625,4617.10009765625,11820
2025-02-18 13:15:00,4623.5,4821.9501953125,4610.0498046875,4700.10009765625,23733
2025-02-19 09:15:00,4678.60009765625,4785.0,4636.5498046875,4717.25,7802
2025-02-19 13:15:00,4717.0,4760.2001953125,4705.14990234375,4735.7998046875,7635
2025-02-20 09:15:00,4735.0,4805.0,4680.0,4755.0498046875,7374
2025-02-20 13:15:00,4761.0,4761.0,4730.2998046875,4749.25,9360
2025-02-21 09:15:00,4758.60009765625,4907.39990234375,4715.0,4800.2998046875,10741
2025-02-21 13:15:00,4801.2001953125,4836.89990234375,4796.0498046875,4825.60009765625,7913
2025-02-24 09:15:00,4825.60009765625,4825.60009765625,4700.0,4746.85009765625,5713
2025-02-24 13:15:00,4747.10009765625,4770.7998046875,4700.5,4700.5,6560
2025-02-25 09:15:00,4744.85009765625,4763.2998046875,4690.0,4725.0,11162
2025-02-25 13:15:00,4725.25,4734.9501953125,4706.0,4727.14990234375,5664
2025-02-27 09:15:00,4730.0,5010.0,4669.0498046875,4974.75,47878
2025-02-27 13:15:00,4974.75,4976.0,4881.0498046875,4907.0,27065
2025-02-28 09:15:00,4866.60009765625,4866.60009765625,4605.0,4666.5,18313
2025-02-28 13:15:00,4666.5,4781.0,4661.7998046875,4729.10009765625,10618
2025-03-03 09:15:00,4759.9501953125,4768.25,4563.25,4678.5498046875,5085
2025-03-03 13:15:00,4675.60009765625,4720.0,4623.0,4681.4501953125,6127
2025-03-04 09:15:00,4615.0,4847.9501953125,4600.7001953125,4825.7998046875,5288
2025-03-04 13:15:00,4813.7001953125,4895.0,4802.10009765625,4846.5,11323
2025-03-05 09:15:00,4846.5,4917.0498046875,4807.60009765625,4827.2001953125,7948
2025-03-05 13:15:00,4827.0,4884.14990234375,4816.2001953125,4830.5,8901
2025-03-06 09:15:00,4840.0498046875,4980.2998046875,4840.0498046875,4905.0,10103
2025-03-06 13:15:00,4908.7001953125,4908.7001953125,4870.10009765625,4877.4501953125,8970
2025-03-07 09:15:00,4880.0,4942.64990234375,4825.5,4885.60009765625,10667
2025-03-07 13:15:00,4885.39990234375,4905.35009765625,4860.7998046875,4877.4501953125,10312
2025-03-10 09:15:00,4925.0,4925.0,4843.7001953125,4900.85009765625,6212
2025-03-10 13:15:00,4900.89990234375,4935.0,4851.10009765625,4909.0,22879
2025-03-11 09:15:00,4917.5,4921.60009765625,4840.0498046875,4845.9501953125,4354
2025-03-11 13:15:00,4855.75,4890.35009765625,4762.25,4842.0498046875,12727
2025-03-12 09:15:00,4850.0,4878.85009765625,4674.9501953125,4748.10009765625,15925
2025-03-12 13:15:00,4752.7001953125,4765.0,4706.7998046875,4730.9501953125,26594
2025-03-13 09:15:00,4730.9501953125,4788.2998046875,4710.9501953125,4750.0,11240
2025-03-13 13:15:00,4753.2001953125,4757.89990234375,4708.0,4737.9501953125,2923
2025-03-17 09:15:00,4760.0,4798.4501953125,4721.14990234375,4793.7998046875,5138
2025-03-17 13:15:00,4806.0,4847.0,4800.0,4821.2998046875,6662
2025-03-18 09:15:00,4852.0,4949.7998046875,4811.9501953125,4870.14990234375,7883
2025-03-18 13:15:00,4870.10009765625,4879.10009765625,4844.60009765625,4859.7998046875,7546
2025-03-19 09:15:00,4899.9501953125,5005.9501953125,4883.5,4941.0498046875,14303
2025-03-19 13:15:00,4934.2001953125,4962.5498046875,4905.5,4926.5498046875,11231
2025-03-20 09:15:00,4979.85009765625,5020.0,4938.2998046875,4952.0,3303
2025-03-20 13:15:00,4955.0,4990.2001953125,4952.35009765625,4968.0,6094
2025-03-21 09:15:00,4988.0,4990.0,4890.0,4892.0,4406
2025-03-21 13:15:00,4892.0,4998.85009765625,4825.0,4825.0,36438
2025-03-24 09:15:00,4915.0,5020.0,4886.5,4939.7001953125,7814
2025-03-24 13:15:00,4939.5,4951.7998046875,4890.0,4890.0,6769
2025-03-25 09:15:00,4969.0,4969.0,4831.2001953125,4835.25,7341
2025-03-25 13:15:00,4838.89990234375,4890.0,4811.0498046875,4870.14990234375,14052
2025-03-26 09:15:00,4894.39990234375,4894.7998046875,4849.0,4867.75,2581
2025-03-26 13:15:00,4867.2998046875,4888.2998046875,4850.0,4855.35009765625,4146
2025-03-27 09:15:00,4855.35009765625,4879.14990234375,4820.14990234375,4876.2998046875,6434
2025-03-27 13:15:00,4869.64990234375,4890.0,4661.5498046875,4767.0,77800
2025-03-28 09:15:00,4787.0,5288.89990234375,4768.75,4930.85009765625,259754
2025-03-28 13:15:00,4930.5,4957.0,4879.9501953125,4909.60009765625,62577
2025-04-01 09:15:00,4903.0,4945.10009765625,4811.0,4836.2998046875,6775
2025-04-01 13:15:00,4836.2998046875,4840.2001953125,4770.0,4794.39990234375,12421
2025-04-02 09:15:00,4830.5498046875,4839.0498046875,4725.0,4791.85009765625,17505
2025-04-02 13:15:00,4791.85009765625,4829.0,4774.85009765625,4817.89990234375,15466
2025-04-03 09:15:00,4760.5,4848.0,4760.5,4832.4501953125,17455
2025-04-03 13:15:00,4832.0,4948.2001953125,4830.0498046875,4942.0,7645
2025-04-04 09:15:00,4931.85009765625,4931.85009765625,4766.0,4806.2001953125,7963
2025-04-04 13:15:00,4805.60009765625,4835.0,4799.4501953125,4815.89990234375,8444
2025-04-07 09:15:00,4654.0498046875,4763.0,4609.9501953125,4692.14990234375,10023
2025-04-07 13:15:00,4692.0498046875,4727.2998046875,4683.2998046875,4700.35009765625,15323
2025-04-08 09:15:00,4711.2001953125,4847.7998046875,4711.2001953125,4847.7998046875,8192
2025-04-08 13:15:00,4848.2998046875,4848.2998046875,4750.0,4819.85009765625,11180
2025-04-09 09:15:00,4743.2001953125,4803.89990234375,4701.0,4757.5498046875,4301
2025-04-09 13:15:00,4763.75,4768.9501953125,4713.10009765625,4720.89990234375,5419
2025-04-11 09:15:00,4798.0,4894.89990234375,4738.10009765625,4821.85009765625,11674
2025-04-11 13:15:00,4825.0,4830.64990234375,4808.0498046875,4826.89990234375,8617
2025-04-15 09:15:00,4884.0,4884.0,4780.60009765625,4799.2998046875,10594
2025-04-15 13:15:00,4798.39990234375,4800.0,4786.89990234375,4798.39990234375,7827
2025-04-16 09:15:00,4800.10009765625,4880.0,4798.60009765625,4850.39990234375,16513
2025-04-16 13:15:00,4850.39990234375,4875.5,4841.10009765625,4860.10009765625,44701
2025-04-17 09:15:00,4884.2998046875,5094.89990234375,4822.89990234375,5090.0,27149
2025-04-17 13:15:00,5090.0,5094.0,4982.0,4997.5,18630
2025-04-21 09:15:00,5005.10009765625,5027.2998046875,4913.60009765625,4921.10009765625,7365
2025-04-21 13:15:00,4921.2001953125,4933.0,4880.0,4885.0,10694
2025-04-22 09:15:00,4917.2001953125,4970.0,4883.2001953125,4899.0,7164
2025-04-22 13:15:00,4899.0,4905.0,4888.2001953125,4891.0,6830
2025-04-23 09:15:00,4901.0,4994.0,4856.89990234375,4955.10009765625,20940
2025-04-23 13:15:00,4958.2001953125,4967.0,4924.7001953125,4950.7001953125,5739
2025-04-24 09:15:00,4968.0,5038.39990234375,4938.60009765625,4992.39990234375,10600
2025-04-24 13:15:00,4994.0,5001.7001953125,4957.60009765625,4990.0,6154
2025-04-25 09:15:00,5020.7998046875,5020.7998046875,4785.0,4877.2001953125,6466
2025-04-25 13:15:00,4875.0,4918.60009765625,4850.0,4897.39990234375,21435
2025-04-28 09:15:00,4884.0,4884.0,4790.89990234375,4803.7001953125,7932
2025-04-28 13:15:00,4804.2998046875,4809.89990234375,4769.60009765625,4785.10009765625,8565
2025-04-29 09:15:00,4819.39990234375,4845.7998046875,4771.39990234375,4786.7001953125,5249
2025-04-29 13:15:00,4786.7001953125,4800.0,4750.7001953125,4800.0,7541
2025-04-30 09:15:00,4774.89990234375,4781.60009765625,4708.7998046875,4760.2998046875,2622
2025-04-30 13:15:00,4760.2998046875,4765.7001953125,4679.7001953125,4684.10009765625,7914
2025-05-02 09:15:00,4670.10009765625,4758.60009765625,4638.10009765625,4681.7998046875,11067
2025-05-02 13:15:00,4683.0,4722.7998046875,4669.89990234375,4677.7998046875,7149
2025-05-05 09:15:00,4723.89990234375,4723.89990234375,4612.0,4618.0,8093
2025-05-05 13:15:00,4619.89990234375,4674.10009765625,4602.2001953125,4656.0,18815
2025-05-06 09:15:00,4670.0,4779.0,4665.60009765625,4700.5,9842
2025-05-06 13:15:00,4703.10009765625,4718.89990234375,4672.0,4687.39990234375,6685
2025-05-07 09:15:00,4684.5,4684.5,4610.0,4612.0,7064
2025-05-07 13:15:00,4615.2001953125,4710.0,4611.2001953125,4660.0,26171
2025-05-08 09:15:00,4718.7001953125,4718.7001953125,4599.10009765625,4653.5,9623
2025-05-08 13:15:00,4649.7998046875,4658.39990234375,4594.0,4614.60009765625,7751
2025-05-09 09:15:00,4518.39990234375,4599.39990234375,4517.0,4589.7998046875,2371
2025-05-09 13:15:00,4587.2001953125,4636.0,4580.10009765625,4617.89990234375,4512
2025-05-12 09:15:00,4700.0,4775.0,4686.10009765625,4764.5,14870
2025-05-12 13:15:00,4764.5,4785.0,4747.89990234375,4774.10009765625,4233
2025-05-13 09:15:00,4795.0,4800.7001953125,4701.2001953125,4732.2001953125,25121
2025-05-13 13:15:00,4732.2001953125,4789.7998046875,4730.0,4766.2998046875,21888
2025-05-14 09:15:00,4808.7001953125,4881.2001953125,4753.0,4856.2001953125,14583
2025-05-14 13:15:00,4865.0,4901.0,4841.0,4884.7001953125,11720
2025-05-15 09:15:00,4901.39990234375,5030.0,4863.39990234375,4954.0,9252
2025-05-15 13:15:00,4953.89990234375,4999.5,4934.7998046875,4965.2998046875,7102
2025-05-16 09:15:00,5020.5,5020.5,4940.0,5005.60009765625,7221
2025-05-16 13:15:00,5010.2998046875,5059.7998046875,5003.5,5040.7001953125,10964
2025-05-19 09:15:00,5064.89990234375,5143.60009765625,5005.0,5087.7001953125,23997
2025-05-19 13:15:00,5085.5,5102.7998046875,5050.0,5079.7998046875,6765
2025-05-20 09:15:00,5079.7998046875,5134.2001953125,4983.2998046875,5114.0,18167
2025-05-20 13:15:00,5114.10009765625,5128.89990234375,5095.60009765625,5095.60009765625,21231
2025-05-21 09:15:00,5107.39990234375,5199.0,5070.5,5137.89990234375,9984
2025-05-21 13:15:00,5130.2998046875,5151.0,5100.0,5148.2998046875,15326
2025-05-22 09:15:00,5150.0,5173.7998046875,5056.10009765625,5070.0,6065
2025-05-22 13:15:00,5073.0,5102.2998046875,5041.39990234375,5047.5,5763
2025-05-23 09:15:00,5060.0,5090.5,5012.2001953125,5033.0,2654
2025-05-23 13:15:00,5030.2998046875,5035.7001953125,4967.0,4967.0,12537
2025-05-26 09:15:00,5053.10009765625,5145.0,5026.0,5076.60009765625,23249
2025-05-26 13:15:00,5076.39990234375,5140.0,5070.0,5130.7998046875,21176
2025-05-27 09:15:00,5572.2998046875,5780.0,5501.10009765625,5717.5,831549
2025-05-27 13:15:00,5718.39990234375,5852.60009765625,5643.0,5643.0,702057
2025-05-28 09:15:00,5710.0,5739.89990234375,5610.0,5700.0,26906
2025-05-28 13:15:00,5700.0,5739.10009765625,5691.10009765625,5715.5,29676
2025-05-29 09:15:00,5740.0,5845.10009765625,5654.0,5685.2001953125,30825
2025-05-29 13:15:00,5685.2001953125,5731.89990234375,5665.0,5693.0,22184
2025-05-30 09:15:00,5731.5,5731.5,5667.7998046875,5693.39990234375,21361
2025-05-30 13:15:00,5696.5,5704.0,5650.10009765625,5675.0,21037
2025-06-02 09:15:00,5561.0,5681.5,5561.0,5622.0,8603
2025-06-02 13:15:00,5624.0,5628.0,5600.5,5613.0,10785
2025-06-03 09:15:00,5660.0,5717.0,5581.5,5648.0,22449
2025-06-03 13:15:00,5648.0,5654.5,5606.0,5611.0,8226
2025-06-04 09:15:00,5747.0,5752.5,5567.5,5603.5,31967
2025-06-04 13:15:00,5604.0,5614.0,5550.0,5599.5,12287
2025-06-05 09:15:00,5600.0,5637.0,5561.5,5581.0,17135
2025-06-05 13:15:00,5581.0,5589.0,5544.0,5575.0,8590
2025-06-06 09:15:00,5575.5,5597.0,5525.0,5553.5,2138
2025-06-06 13:15:00,5552.0,5552.0,5472.5,5498.0,3909
2025-06-09 09:15:00,5484.5,5529.0,5440.0,5455.0,10173
2025-06-09 13:15:00,5449.0,5500.0,5449.0,5493.0,6457
2025-06-10 09:15:00,5500.0,5535.0,5475.0,5494.5,7443
2025-06-10 13:15:00,5488.5,5490.0,5420.0,5429.0,10535
2025-06-11 09:15:00,5449.5,5533.0,5449.5,5469.0,6726
2025-06-11 13:15:00,5467.5,5479.5,5435.0,5446.0,9241
2025-06-12 09:15:00,5488.0,5512.0,5432.5,5448.5,9253
2025-06-12 13:15:00,5449.0,5449.0,5378.5,5387.0,5679
2025-06-13 09:15:00,5315.0,5509.5,5315.0,5450.0,20003
2025-06-13 13:15:00,5450.0,5472.0,5433.5,5451.0,7189
2025-06-16 09:15:00,5426.0,5584.5,5401.0,5473.5,15862
2025-06-16 13:15:00,5471.0,5534.0,5464.0,5510.0,8468
2025-06-17 09:15:00,5509.5,5624.0,5457.5,5614.0,15739
2025-06-17 13:15:00,5607.0,5667.0,5590.0,5654.5,12171
2025-06-18 09:15:00,5654.5,5680.5,5590.5,5603.0,10519
2025-06-18 13:15:00,5603.0,5674.5,5601.0,5664.0,9679
2025-06-19 09:15:00,5666.5,5737.5,5570.5,5600.0,13485
2025-06-19 13:15:00,5593.0,5610.5,5572.5,5594.5,4763
2025-06-20 09:15:00,5594.0,5634.0,5522.5,5545.5,7377
2025-06-20 13:15:00,5546.0,5600.0,5519.0,5550.5,34421
2025-06-23 09:15:00,5551.0,5577.5,5511.0,5514.0,3793
2025-06-23 13:15:00,5514.0,5525.0,5485.0,5519.0,4848
2025-06-24 09:15:00,5574.0,5720.5,5503.0,5690.0,18063
2025-06-24 13:15:00,5690.0,5690.0,5625.5,5625.5,9653
2025-06-25 09:15:00,5654.0,5750.0,5635.0,5719.0,10001
2025-06-25 13:15:00,5718.5,5757.0,5671.5,5750.0,20828
2025-06-26 09:15:00,5750.5,5870.0,5714.5,5838.0,18356
2025-06-26 13:15:00,5846.0,5965.0,5844.0,5911.0,30839
2025-06-27 09:15:00,5930.0,6123.5,5900.0,6070.0,93753
2025-06-27 13:15:00,6069.0,6154.5,6060.0,6114.0,103779
2025-06-30 09:15:00,6148.0,6264.5,6072.0,6223.5,33477
2025-06-30 13:15:00,6223.5,6388.5,6223.5,6294.5,76703
2025-07-01 09:15:00,6270.0,6325.0,6230.0,6276.0,69895
2025-07-01 13:15:00,6280.5,6387.0,6280.5,6349.0,20295
2025-07-02 09:15:00,6369.0,6410.0,6320.5,6394.0,84689
2025-07-02 13:15:00,6394.0,6484.0,6350.0,6350.0,31608
2025-07-03 09:15:00,6437.0,6451.0,6353.5,6428.5,33000
2025-07-03 13:15:00,6429.0,6439.5,6380.0,6388.0,7774
2025-07-04 09:15:00,6388.0,6474.0,6383.5,6456.5,26197
2025-07-04 13:15:00,6459.5,6472.0,6415.0,6435.5,13879
2025-07-07 09:15:00,6464.5,6505.5,6422.5,6464.5,18010
2025-07-07 13:15:00,6466.0,6500.0,6380.0,6438.0,15723
2025-07-08 09:15:00,6424.5,6463.0,6359.5,6428.5,40856
2025-07-08 13:15:00,6428.5,6498.0,6421.0,6482.5,13938
2025-07-09 09:15:00,6472.0,6500.0,6444.0,6465.0,24143
2025-07-09 13:15:00,6462.0,6480.0,6423.0,6443.0,4965
2025-07-10 09:15:00,6425.0,6430.0,6190.0,6195.5,20411
2025-07-10 13:15:00,6195.5,6300.0,6192.0,6282.0,16330
2025-07-11 09:15:00,6255.0,6259.5,6135.0,6200.0,20334
2025-07-11 13:15:00,6195.0,6228.5,6160.0,6196.0,10493
2025-07-14 09:15:00,6180.0,6201.5,6164.5,6176.5,5949
2025-07-14 13:15:00,6176.0,6239.5,6170.0,6225.0,17441
2025-07-15 09:15:00,6282.5,6400.0,6209.0,6366.5,57543
2025-07-15 13:15:00,6375.0,6397.0,6320.0,6340.0,13052
2025-07-16 09:15:00,6359.5,6368.0,6230.0,6295.0,26183
2025-07-16 13:15:00,6295.5,6374.0,6290.0,6343.0,9471
2025-07-17 09:15:00,6343.0,6386.5,6308.0,6350.5,2887
2025-07-17 13:15:00,6350.0,6362.0,6334.0,6362.0,11378
2025-07-18 09:15:00,6303.5,6385.0,6250.0,6306.5,10823
2025-07-18 13:15:00,6315.0,6360.0,6288.0,6347.5,11734
2025-07-21 09:15:00,6348.0,6348.0,6270.0,6294.0,2655
2025-07-21 13:15:00,6294.0,6304.0,6266.5,6288.0,3659
2025-07-22 09:15:00,6341.5,6370.0,6211.0,6273.0,2861
2025-07-22 13:15:00,6282.0,6285.0,6237.5,6281.0,5379
2025-07-23 09:15:00,6245.0,6416.5,6245.0,6320.5,13644
2025-07-23 13:15:00,6325.0,6371.5,6319.0,6350.0,8165
2025-07-24 09:15:00,6388.0,6414.0,6332.0,6341.0,16110
2025-07-24 13:15:00,6338.5,6374.0,6338.5,6364.0,3827
2025-07-25 09:15:00,6330.5,6330.5,6210.5,6250.0,8750
2025-07-25 13:15:00,6250.0,6353.0,6221.5,6300.5,19000
2025-07-28 09:15:00,6326.0,6490.5,6253.5,6400.0,16923
2025-07-28 13:15:00,6400.0,6407.5,6300.5,6327.5,11352
2025-07-29 09:15:00,6330.0,6445.0,6302.5,6395.0,3788
2025-07-29 13:15:00,6394.5,6397.5,6325.0,6352.0,4086
2025-07-30 09:15:00,6383.5,6497.5,6306.0,6314.5,30606
2025-07-30 13:15:00,6314.5,6393.5,6251.5,6335.0,23823
2025-07-31 09:15:00,6320.0,6449.0,6291.5,6349.0,14490
2025-07-31 13:15:00,6351.0,6352.5,6304.0,6322.5,8606
2025-08-01 09:15:00,6405.0,6429.0,6240.0,6248.5,5198
2025-08-01 13:15:00,6253.0,6294.5,6114.5,6270.0,19162
2025-08-04 09:15:00,6299.0,6334.0,6191.5,6212.0,4234
2025-08-04 13:15:00,6212.0,6296.0,6209.5,6259.0,15434
2025-08-05 09:15:00,6282.0,6322.0,6210.5,6318.0,8821
2025-08-05 13:15:00,6320.0,6325.0,6267.5,6304.5,19561
2025-08-06 09:15:00,6343.0,6415.0,6191.0,6333.0,26323
2025-08-06 13:15:00,6325.5,6332.0,5930.0,6019.0,154403
2025-08-07 09:15:00,5989.5,6002.5,5615.0,5660.0,50812
2025-08-07 13:15:00,5664.0,5700.0,5658.0,5679.0,46700
2025-08-08 09:15:00,5655.0,5735.0,5630.0,5667.5,9098
2025-08-08 13:15:00,5671.5,5680.0,5485.5,5572.5,7373
2025-08-11 09:15:00,5522.5,5691.0,5513.0,5617.0,4538
2025-08-11 13:15:00,5617.0,5655.5,5583.0,5612.5,5538
2025-08-12 09:15:00,5674.0,5700.0,5610.5,5630.5,14071
2025-08-12 13:15:00,5633.5,5660.0,5580.0,5642.0,6185
2025-08-13 09:15:00,5624.0,5669.0,5589.0,5600.5,3440
2025-08-13 13:15:00,5600.5,5660.0,5590.0,5652.5,5966
2025-08-14 09:15:00,5670.0,5673.5,5564.5,5625.0,5932
2025-08-14 13:15:00,5625.0,5667.5,5606.0,5650.0,9577
2025-08-18 09:15:00,5649.5,5703.5,5526.0,5536.0,12602
2025-08-18 13:15:00,5536.0,5580.5,5500.5,5521.5,16978
2025-08-19 09:15:00,5529.5,5538.0,5461.5,5521.0,10376
2025-08-19 13:15:00,5526.0,5577.0,5522.5,5564.0,4731
2025-08-20 09:15:00,5595.0,5619.0,5558.5,5591.0,4188
2025-08-20 13:15:00,5591.0,5608.5,5560.0,5582.5,3005
2025-08-21 09:15:00,5630.0,5649.5,5596.0,5618.5,4143
2025-08-21 13:15:00,5614.0,5629.5,5582.5,5594.5,3791
2025-08-22 09:15:00,5597.0,5620.0,5507.5,5514.5,5287
2025-08-22 13:15:00,5514.5,5540.0,5512.0,5519.0,14364
2025-08-25 09:15:00,5542.0,5590.0,5505.5,5525.0,4423
2025-08-25 13:15:00,5525.0,5525.0,5485.5,5490.0,8519
2025-08-26 09:15:00,5506.5,5521.0,5390.5,5400.0,9010
2025-08-26 13:15:00,5400.0,5415.0,5310.0,5331.0,17650
2025-08-28 09:15:00,5331.0,5366.5,5260.0,5295.0,8964
2025-08-28 13:15:00,5295.0,5300.0,5261.0,5261.0,7945
2025-08-29 09:15:00,5269.0,5280.0,5199.5,5208.0,8762
2025-08-29 13:15:00,5210.0,5246.0,5194.0,5203.0,11783
2025-09-01 09:15:00,5285.0,5285.0,5210.5,5248.0,4110
2025-09-01 13:15:00,5248.0,5265.0,5200.0,5221.5,12192
2025-09-02 09:15:00,5206.5,5297.5,5199.5,5235.0,5689
2025-09-02 13:15:00,5235.0,5235.0,5190.0,5202.5,7462
2025-09-03 09:15:00,5227.0,5227.0,5151.0,5171.0,20229
2025-09-03 13:15:00,5171.5,5194.5,5156.5,5176.0,10559
2025-09-04 09:15:00,5240.0,5255.0,5121.0,5131.0,22212
2025-09-04 13:15:00,5131.0,5131.0,5100.0,5111.0,6373
2025-09-05 09:15:00,5132.5,5176.5,5100.0,5102.5,6356
2025-09-05 13:15:00,5103.0,5125.0,5061.5,5082.5,6121
2025-09-08 09:15:00,5078.5,5169.0,5070.5,5075.0,6709
2025-09-08 13:15:00,5072.0,5105.0,5031.0,5057.0,9513
2025-09-09 09:15:00,5080.0,5120.0,5034.5,5059.0,7433
2025-09-09 13:15:00,5065.0,5130.0,5045.5,5127.0,9895
2025-09-10 09:15:00,5124.0,5175.0,5078.5,5113.0,14139
2025-09-10 13:15:00,5113.0,5128.5,5096.0,5125.0,4303
2025-09-11 09:15:00,5129.0,5158.5,5111.0,5134.5,10426
2025-09-11 13:15:00,5134.5,5144.5,5103.5,5110.0,5460
2025-09-12 09:15:00,5170.0,5170.0,5102.0,5103.0,15330
2025-09-12 13:15:00,5105.5,5113.5,5056.0,5083.0,17763
2025-09-15 09:15:00,5100.5,5118.5,5061.5,5078.0,3486
2025-09-15 13:15:00,5076.5,5119.5,5070.5,5107.5,7043
2025-09-16 09:15:00,5129.0,5239.5,5105.0,5230.5,16143
2025-09-16 13:15:00,5224.5,5229.5,5211.0,5229.0,23251
2025-09-17 09:15:00,5240.0,5247.0,5169.0,5189.5,11453
2025-09-17 13:15:00,5187.0,5200.0,5159.0,5198.0,13068
2025-09-18 09:15:00,5199.0,5265.0,5156.5,5180.0,6933
2025-09-18 13:15:00,5184.5,5200.0,5170.0,5197.5,3275
2025-09-19 09:15:00,5200.0,5280.0,5179.0,5221.5,13378
2025-09-19 13:15:00,5221.0,5483.5,5205.0,5361.0,152213
2025-09-22 09:15:00,5345.5,5345.5,5250.0,5292.5,4918
2025-09-22 13:15:00,5287.5,5301.0,5218.0,5245.0,9055
2025-09-23 09:15:00,5250.0,5250.0,5077.0,5096.5,18605
2025-09-23 13:15:00,5090.5,5100.0,5050.0,5075.0,12550
2025-09-24 09:15:00,5078.0,5082.5,4991.0,5024.0,12493
2025-09-24 13:15:00,5023.0,5040.5,5013.0,5033.5,5575
2025-09-25 09:15:00,5049.0,5057.5,4945.0,4966.0,6508
2025-09-25 13:15:00,4966.0,5016.0,4950.0,4969.5,8070
2025-09-26 09:15:00,4969.5,5058.0,4902.0,5050.0,10852
2025-09-26 13:15:00,5050.0,5052.5,5021.5,5049.0,10450
2025-09-29 09:15:00,5088.5,5088.5,4971.0,5008.0,4464
2025-09-29 13:15:00,5007.0,5009.0,4870.0,4890.0,14531
2025-09-30 09:15:00,4924.0,4924.0,4835.0,4839.5,10338
2025-09-30 13:15:00,4839.5,4840.0,4792.0,4810.5,10844
2025-10-01 09:15:00,4792.0,4880.0,4792.0,4861.60009765625,4980
2025-10-01 13:15:00,4861.2998046875,4929.0,4860.0,4912.89990234375,14487
2025-10-03 09:15:00,4922.0,4979.0,4902.7998046875,4970.10009765625,4742
2025-10-03 13:15:00,4971.39990234375,5080.0,4970.2998046875,5075.0,8243
2025-10-06 09:15:00,5075.0,5075.0,4986.0,5000.0,8671
2025-10-06 13:15:00,5000.7998046875,5023.7998046875,4980.0,4997.2998046875,10183
2025-10-07 09:15:00,5016.89990234375,5016.89990234375,4969.89990234375,4985.10009765625,10473
2025-10-07 13:15:00,4985.60009765625,5000.0,4977.10009765625,4991.5,6928
2025-10-08 09:15:00,4994.0,5009.39990234375,4978.0,4999.2001953125,2789
2025-10-08 13:15:00,4990.0,4999.0,4984.0,4995.2998046875,3311
2025-10-09 09:15:00,5005.0,5009.7001953125,4946.60009765625,4995.7001953125,4509
2025-10-09 13:15:00,5000.0,5085.0,4983.5,5045.7001953125,4148
2025-10-10 09:15:00,5074.0,5074.0,4990.60009765625,5009.2001953125,2904
2025-10-10 13:15:00,5004.89990234375,5021.89990234375,4998.2001953125,5000.0,7705
2025-10-13 09:15:00,5001.5,5002.2001953125,4970.0,4997.7001953125,7113
2025-10-13 13:15:00,4997.89990234375,5036.5,4985.10009765625,5005.7998046875,10110
2025-10-14 09:15:00,4975.0,5015.7998046875,4970.0,4978.2001953125,2138
2025-10-14 13:15:00,4978.0,5011.0,4955.10009765625,4973.5,8695
2025-10-15 09:15:00,4992.2998046875,5003.0,4956.7998046875,5000.10009765625,2036
2025-10-15 13:15:00,5000.0,5123.7998046875,4965.0,5104.2998046875,9725
2025-10-16 09:15:00,5097.0,5097.0,5034.7001953125,5084.5,6006
2025-10-16 13:15:00,5084.39990234375,5129.0,5072.0,5113.2001953125,8116
2025-10-17 09:15:00,5149.89990234375,5149.89990234375,5034.7001953125,5040.0,4421
2025-10-17 13:15:00,5040.0,5059.89990234375,5001.0,5023.39990234375,9208
2025-10-20 09:15:00,5055.60009765625,5055.60009765625,4962.10009765625,5018.0,11429
2025-10-20 13:15:00,5025.0,5040.0,4967.2998046875,4976.2001953125,13352
2025-10-21 13:15:00,5040.0,5040.0,4998.60009765625,5009.39990234375,2012
2025-10-23 09:15:00,5010.0,5050.0,4975.5,4999.89990234375,4791
2025-10-23 13:15:00,5003.10009765625,5021.0,4981.0,4987.0,4599
2025-10-24 09:15:00,4988.0,5032.89990234375,4975.2001953125,5028.39990234375,2081
2025-10-24 13:15:00,5023.39990234375,5028.89990234375,4995.60009765625,5019.7001953125,4780
2025-10-27 09:15:00,5068.89990234375,5068.89990234375,5013.10009765625,5035.0,42879
2025-10-27 13:15:00,5035.0,5043.0,5018.10009765625,5034.2998046875,16271
2025-10-28 09:15:00,5030.0,5030.0,4990.0,5000.0,2318
2025-10-28 13:15:00,5000.0,5000.0,4940.0,4950.0,11370
2025-10-29 09:15:00,4931.0,4980.7998046875,4931.0,4960.0,12409
2025-10-29 13:15:00,4960.0,4960.0,4616.0,4854.5,48628
2025-10-30 09:15:00,4940.0,5017.7001953125,4873.0,4893.0,4823
2025-10-30 13:15:00,4893.7001953125,4949.0,4870.7998046875,4913.2998046875,7783
2025-10-31 09:15:00,4900.10009765625,4949.0,4875.0,4875.0,4012
2025-10-31 13:15:00,4879.10009765625,4909.0,4870.7001953125,4872.2998046875,8276
2025-11-03 09:15:00,4885.0,4915.0,4864.89990234375,4873.0,4423
2025-11-03 13:15:00,4870.60009765625,4897.0,4863.0,4871.7001953125,7057
2025-11-04 09:15:00,4871.7998046875,4891.7998046875,4815.60009765625,4820.0,8865
2025-11-04 13:15:00,4820.0,4852.0,4799.39990234375,4835.60009765625,12800
2025-11-06 09:15:00,4825.0,4830.7998046875,4755.0,4761.89990234375,4891
2025-11-06 13:15:00,4762.0,4771.89990234375,4727.0,4730.0,9565
2025-11-07 09:15:00,4744.60009765625,4748.39990234375,4585.0,4604.2001953125,17869
2025-11-07 13:15:00,4612.2998046875,4625.10009765625,4584.89990234375,4590.2001953125,14355
2025-11-10 09:15:00,4600.39990234375,4637.10009765625,4578.0,4586.2998046875,14610
2025-11-10 13:15:00,4589.89990234375,4660.0,4585.0,4639.39990234375,16695
2025-11-11 09:15:00,4622.0,4639.7998046875,4558.7001953125,4560.2001953125,8176
2025-11-11 13:15:00,4562.5,4570.0,4489.0,4500.0,43422
2025-11-12 09:15:00,4510.60009765625,4510.60009765625,4431.0,4443.2001953125,19646
2025-11-12 13:15:00,4443.2998046875,4533.0,4443.10009765625,4506.0,99691
2025-11-13 09:15:00,4545.89990234375,4560.39990234375,4497.60009765625,4518.5,8737
2025-11-13 13:15:00,4518.7001953125,4529.89990234375,4512.0,4519.39990234375,12829
2025-11-14 09:15:00,4460.0,4520.0,4434.7998046875,4508.0,14749
2025-11-14 13:15:00,4508.0,4510.0,4467.60009765625,4480.0,17478
2025-11-17 09:15:00,4485.0,4559.0,4460.7001953125,4555.0,19802
2025-11-17 13:15:00,4555.0,4574.0,4544.60009765625,4574.0,10943
2025-11-18 09:15:00,4566.2001953125,4572.60009765625,4500.0,4558.10009765625,19273
2025-11-18 13:15:00,4559.7998046875,4570.0,4546.89990234375,4570.0,11488
2025-11-19 09:15:00,4556.10009765625,4573.0,4516.7001953125,4544.39990234375,2159
2025-11-19 13:15:00,4540.7001953125,4565.7001953125,4525.0,4557.89990234375,10140
2025-11-20 09:15:00,4570.0,4589.2998046875,4540.0,4555.10009765625,7463
2025-11-20 13:15:00,4561.0,4599.0,4526.0,4526.0,12335
2025-11-21 09:15:00,4568.89990234375,4568.89990234375,4530.0,4555.89990234375,2427
2025-11-21 13:15:00,4562.0,4581.60009765625,4525.0,4544.60009765625,8458
2025-11-24 09:15:00,4544.39990234375,4555.7001953125,4504.0,4513.60009765625,5323
2025-11-24 13:15:00,4514.10009765625,4548.7998046875,4500.0,4535.2001953125,10525
2025-11-25 09:15:00,4553.39990234375,4555.0,4512.2001953125,4538.89990234375,3369
2025-11-25 13:15:00,4538.89990234375,4689.0,4520.0,4607.5,16245
2025-11-26 09:15:00,4624.89990234375,4624.89990234375,4572.2001953125,4590.0,10352
2025-11-26 13:15:00,4589.60009765625,4594.0,4571.89990234375,4574.89990234375,7978
2025-11-27 09:15:00,4769.89990234375,4769.89990234375,4439.5,4481.39990234375,116580
2025-11-27 13:15:00,4485.0,4598.2001953125,4477.5,4570.0,75017
2025-11-28 09:15:00,4564.89990234375,4631.2001953125,4522.89990234375,4621.7001953125,39400
2025-11-28 13:15:00,4622.7998046875,4677.2998046875,4614.0,4658.39990234375,15381
2025-12-01 09:15:00,4643.5,4669.5,4579.5,4585.0,7866
2025-12-01 13:15:00,4585.0,4629.0,4561.10009765625,4607.7998046875,12790
2025-12-02 09:15:00,4603.0,4639.2001953125,4600.0,4604.0,3191
2025-12-02 13:15:00,4605.0,4630.10009765625,4579.0,4606.2001953125,14207
2025-12-03 09:15:00,4602.89990234375,4608.0,4538.89990234375,4545.0,9967
2025-12-03 13:15:00,4547.39990234375,4548.89990234375,4500.0,4506.0,10192
2025-12-04 09:15:00,4512.0,4570.5,4490.10009765625,4550.7998046875,16501
2025-12-04 13:15:00,4551.10009765625,4555.10009765625,4495.10009765625,4508.0,10840
2025-12-05 09:15:00,4506.0,4537.0,4490.0,4507.5,10207
2025-12-05 13:15:00,4505.7001953125,4518.0,4470.0,4477.0,10647
2025-12-08 09:15:00,4485.0,4501.10009765625,4465.0,4480.7998046875,17663
2025-12-08 13:15:00,4481.2001953125,4481.2001953125,4422.0,4430.10009765625,9794
2025-12-09 09:15:00,4435.60009765625,4464.7001953125,4390.0,4402.0,8219
2025-12-09 13:15:00,4402.0,4435.60009765625,4385.5,4400.0,13862
2025-12-10 09:15:00,4407.0,4486.89990234375,4391.7998046875,4397.0,21438
2025-12-10 13:15:00,4397.0,4418.0,4396.0,4401.60009765625,10064
2025-12-11 09:15:00,4395.0,4413.89990234375,4385.0,4400.89990234375,3626
2025-12-11 13:15:00,4395.0,4406.39990234375,4389.2001953125,4394.10009765625,3612
2025-12-12 09:15:00,4403.0,4434.0,4390.0,4409.89990234375,4245
2025-12-12 13:15:00,4409.39990234375,4414.89990234375,4395.10009765625,4401.0,5199
2025-12-15 09:15:00,4424.7998046875,4434.0,4386.0,4390.0,4978
2025-12-15 13:15:00,4390.0,4392.7001953125,4384.5,4388.7001953125,4400
2025-12-16 09:15:00,4408.7998046875,4408.7998046875,4370.10009765625,4372.60009765625,2940
2025-12-16 13:15:00,4372.60009765625,4380.0,4361.0,4374.89990234375,4365
2025-12-17 09:15:00,4375.0,4397.89990234375,4362.10009765625,4378.0,3067
2025-12-17 13:15:00,4378.10009765625,4383.39990234375,4330.60009765625,4335.0,5557
2025-12-18 09:15:00,4339.0,4340.0,4303.89990234375,4303.89990234375,7361
2025-12-18 13:15:00,4303.89990234375,4307.5,4285.0,4289.7001953125,8868
2025-12-19 09:15:00,4295.0,4362.2001953125,4277.10009765625,4282.89990234375,115307
2025-12-19 13:15:00,4282.89990234375,4329.0,4279.10009765625,4320.0,27724
2025-12-22 09:15:00,4350.0,4375.0,4329.0,4354.5,86471
2025-12-22 13:15:00,4357.0,4375.89990234375,4330.0,4364.0,10590
2025-12-23 09:15:00,4387.7998046875,4472.0,4372.39990234375,4451.10009765625,11209
2025-12-23 13:15:00,4456.10009765625,4464.2001953125,4447.2998046875,4456.60009765625,10680
2025-12-24 09:15:00,4469.0,4550.0,4456.2001953125,4527.10009765625,15946
2025-12-24 13:15:00,4518.10009765625,4531.0,4501.2998046875,4526.89990234375,6531
2025-12-26 09:15:00,4546.89990234375,4560.0,4505.0,4553.10009765625,5749
2025-12-26 13:15:00,4553.10009765625,4560.0,4541.2998046875,4550.7001953125,3806
2025-12-29 09:15:00,4589.0,4614.0,4543.7998046875,4555.5,7521
2025-12-29 13:15:00,4552.2998046875,4559.2001953125,4500.0,4537.0,21475
2025-12-30 09:15:00,4515.0,4565.2001953125,4465.0,4517.7001953125,28803
2025-12-30 13:15:00,4512.7001953125,4571.0,4482.2001953125,4543.0,56403
2025-12-31 09:15:00,4536.60009765625,4573.0,4512.10009765625,4554.60009765625,8872
2025-12-31 13:15:00,4558.0,4572.7001953125,4542.2998046875,4555.60009765625,6547
2026-01-01 09:15:00,4558.0,4574.7001953125,4540.0,4553.2998046875,2098
2026-01-01 13:15:00,4550.2001953125,4557.39990234375,4525.2998046875,4549.0,3509
2026-01-02 09:15:00,4563.89990234375,4581.7001953125,4531.10009765625,4546.2998046875,9229
2026-01-02 13:15:00,4546.39990234375,4558.0,4530.2001953125,4546.7001953125,12380
2026-01-05 09:15:00,4550.0,4565.0,4526.5,4530.0,4264
2026-01-05 13:15:00,4531.89990234375,4572.0,4527.10009765625,4562.7001953125,13317
2026-01-06 09:15:00,4545.5,4560.0,4491.0,4517.0,5897
2026-01-06 13:15:00,4518.7998046875,4525.2001953125,4491.0,4508.10009765625,8806
2026-01-07 09:15:00,4500.89990234375,4540.0,4500.89990234375,4529.7998046875,3207
2026-01-07 13:15:00,4528.7998046875,4539.0,4518.10009765625,4535.89990234375,3468
2026-01-08 09:15:00,4544.2998046875,4557.0,4495.0,4509.7998046875,10383
2026-01-08 13:15:00,4508.39990234375,4511.39990234375,4485.5,4500.0,5906
2026-01-09 09:15:00,4495.60009765625,4504.0,4457.60009765625,4491.39990234375,2145
2026-01-09 13:15:00,4495.89990234375,4497.39990234375,4460.0,4469.0,5321
2026-01-12 09:15:00,4475.0,4477.7001953125,4370.2001953125,4406.39990234375,5891
2026-01-12 13:15:00,4406.0,4434.2998046875,4391.0,4425.5,6675
2026-01-13 09:15:00,4425.0,4471.89990234375,4418.0,4439.5,3741
2026-01-13 13:15:00,4439.5,4447.2001953125,4410.0,4427.7998046875,7328
2026-01-14 09:15:00,4427.7998046875,4451.10009765625,4415.0,4434.5,8098
2026-01-14 13:15:00,4434.7001953125,4445.89990234375,4388.2998046875,4430.0,8680
2026-01-16 09:15:00,4437.0,4437.0,4383.7998046875,4399.7001953125,5583
2026-01-16 13:15:00,4399.5,4410.2001953125,4387.10009765625,4398.7001953125,8953
2026-01-19 09:15:00,4400.0,4417.7998046875,4378.2998046875,4385.7001953125,2900
2026-01-19 13:15:00,4386.0,4406.0,4359.39990234375,4386.2998046875,8261
2026-01-20 09:15:00,4385.0,4405.0,4315.2998046875,4370.0,5601
2026-01-20 13:15:00,4370.0,4400.10009765625,4274.5,4385.0,15772
2026-01-21 09:15:00,4382.7998046875,4408.0,4302.0,4402.7998046875,8653
2026-01-21 13:15:00,4398.10009765625,4405.5,4382.2001953125,4399.89990234375,7350
2026-01-22 09:15:00,4410.60009765625,4466.89990234375,4352.10009765625,4360.7001953125,8893
2026-01-22 13:15:00,4360.10009765625,4398.2998046875,4351.2001953125,4370.0,8098
2026-01-23 09:15:00,4384.89990234375,4400.0,4370.60009765625,4388.5,4371
2026-01-23 13:15:00,4388.39990234375,4394.0,4366.2001953125,4385.2001953125,4514
2026-01-27 09:15:00,4385.2001953125,4418.7998046875,4326.10009765625,4363.7998046875,4288
2026-01-27 13:15:00,4368.2998046875,4384.0,4319.10009765625,4369.0,5479
2026-01-28 09:15:00,4339.0,4398.0,4339.0,4375.5,8187
2026-01-28 13:15:00,4377.0,4378.0,4344.2998046875,4374.7001953125,2493
2026-01-29 09:15:00,4374.7001953125,4390.0,4327.0,4359.0,6605
2026-01-29 13:15:00,4353.2998046875,4373.39990234375,4351.0,4362.2998046875,6124
2026-01-30 09:15:00,4351.39990234375,4430.0,4337.0,4430.0,10208
2026-01-30 13:15:00,4427.7001953125,4484.0,4362.2998046875,4466.2001953125,13179
2026-02-03 09:15:00,4450.0,4503.5,4429.0,4443.39990234375,17363
2026-02-03 13:15:00,4444.2001953125,4448.89990234375,4406.0,4428.0,10333
2026-02-04 09:15:00,4428.0,4455.0,4420.7001953125,4447.5,2621
2026-02-04 13:15:00,4447.0,4496.7001953125,4437.89990234375,4489.2998046875,4410
2026-02-05 09:15:00,4466.89990234375,4517.0,4456.0,4485.60009765625,3571
2026-02-05 13:15:00,4479.0,4486.0,4440.10009765625,4464.0,7817
2026-02-06 09:15:00,4474.0,4489.2998046875,4421.0,4485.2998046875,8261
2026-02-06 13:15:00,4485.5,4499.0,4470.0,4480.0,5522
2026-02-09 09:15:00,4489.0,4594.0,4483.2001953125,4574.89990234375,8532
2026-02-09 13:15:00,4574.89990234375,4650.0,4570.89990234375,4637.0,21514
2026-02-10 09:15:00,4651.89990234375,4728.0,4621.5,4718.39990234375,9805
2026-02-10 13:15:00,4718.7001953125,4735.7998046875,4662.5,4696.39990234375,24501
2026-02-11 09:15:00,4725.0,4751.2998046875,4670.89990234375,4707.10009765625,7675
2026-02-11 13:15:00,4707.10009765625,4787.7998046875,4701.39990234375,4762.39990234375,17805
2026-02-12 09:15:00,4880.0,4960.0,4711.89990234375,4792.60009765625,58988
2026-02-12 13:15:00,4792.60009765625,4879.60009765625,4792.60009765625,4832.89990234375,27690
2026-02-13 09:15:00,4808.7001953125,4808.7001953125,4715.7998046875,4790.89990234375,5774
2026-02-13 13:15:00,4789.39990234375,4802.60009765625,4733.7998046875,4795.0,10348
2026-02-16 09:15:00,4782.5,4782.5,4680.10009765625,4690.0,4198
2026-02-16 13:15:00,4690.0,4704.39990234375,4665.10009765625,4680.2001953125,4750
2026-02-17 09:15:00,4660.0,4765.0,4646.60009765625,4756.0,3129
2026-02-17 13:15:00,4755.0,4764.0,4750.0,4758.0,4479
2026-02-18 09:15:00,4750.0,4838.89990234375,4750.0,4826.10009765625,14401
2026-02-18 13:15:00,4825.0,4845.0,4825.0,4830.2998046875,6751
2026-02-19 09:15:00,4830.0,4830.2998046875,4751.10009765625,4751.10009765625,4416
2026-02-19 13:15:00,4751.10009765625,4787.7998046875,4723.5,4774.89990234375,13348
2026-02-20 09:15:00,4797.60009765625,4807.7998046875,4732.7001953125,4800.10009765625,2130
2026-02-20 13:15:00,4800.10009765625,4809.0,4797.10009765625,4800.0,9414
2026-02-23 09:15:00,4825.0,4829.60009765625,4788.2001953125,4802.60009765625,3034
2026-02-23 13:15:00,4802.60009765625,4815.60009765625,4773.10009765625,4789.0,6325
2026-02-24 09:15:00,4797.0,4797.0,4697.60009765625,4707.5,2660
2026-02-24 13:15:00,4703.0,4735.0,4693.0,4711.2998046875,7819
2026-02-25 09:15:00,4734.7998046875,4749.7001953125,4696.0,4714.7001953125,2757
2026-02-25 13:15:00,4714.2998046875,4735.0,4700.2001953125,4727.89990234375,3559
2026-02-26 09:15:00,4751.5,4765.5,4670.60009765625,4677.2998046875,2083
2026-02-26 13:15:00,4676.10009765625,4699.0,4658.60009765625,4678.10009765625,4596
2026-02-27 09:15:00,4653.0,4696.0,4653.0,4677.0,3479
2026-02-27 13:15:00,4677.60009765625,4685.0,4669.7001953125,4676.0,5389
2026-03-02 09:15:00,4502.10009765625,4645.2998046875,4502.10009765625,4536.0,3429
2026-03-02 13:15:00,4534.0,4589.0,4519.7001953125,4589.0,3610
2026-03-04 09:15:00,4508.0,4554.7998046875,4483.2998046875,4550.2001953125,4955
2026-03-04 13:15:00,4554.0,4561.7998046875,4545.2001953125,4552.7001953125,5943
2026-03-05 09:15:00,4575.39990234375,4580.89990234375,4497.39990234375,4499.2001953125,5600
2026-03-05 13:15:00,4497.0,4545.0,4432.10009765625,4513.89990234375,9197
2026-03-06 09:15:00,4491.39990234375,4587.2001953125,4491.39990234375,4584.89990234375,8053
2026-03-06 13:15:00,4581.89990234375,4609.89990234375,4570.2001953125,4602.2998046875,8422
2026-03-09 09:15:00,4543.7001953125,4543.7001953125,4442.10009765625,4483.10009765625,3050
2026-03-09 13:15:00,4480.10009765625,4491.60009765625,4453.0,4453.0,2908
2026-03-10 09:15:00,4485.0,4624.0,4485.0,4615.60009765625,8597
2026-03-10 13:15:00,4615.89990234375,4617.39990234375,4600.0,4604.2998046875,4063
2026-03-11 09:15:00,4604.2998046875,4639.7001953125,4554.7998046875,4607.39990234375,3843
2026-03-11 13:15:00,4607.2998046875,4612.7001953125,4489.10009765625,4520.60009765625,20362
2026-03-12 09:15:00,4480.0,4529.10009765625,4461.2998046875,4514.0,27291
2026-03-12 13:15:00,4514.0,4517.0,4500.0,4502.5,12260
2026-03-13 09:15:00,4522.5,4522.5,4445.0,4471.60009765625,4195
2026-03-13 13:15:00,4465.5,4548.0,4464.7001953125,4511.0,10965
2026-03-16 09:15:00,4469.89990234375,4516.60009765625,4352.5,4363.2998046875,7608
2026-03-16 13:15:00,4362.2998046875,4565.0,4362.2998046875,4503.60009765625,12475
2026-03-17 09:15:00,4539.0,4539.0,4420.5,4426.5,14828
2026-03-17 13:15:00,4428.10009765625,4500.0,4421.7998046875,4466.5,9756
2026-03-18 09:15:00,4499.0,4534.7998046875,4475.0,4499.39990234375,5752
2026-03-18 13:15:00,4498.60009765625,4514.7998046875,4478.0,4485.7998046875,11088
2026-03-19 09:15:00,4415.60009765625,4560.0,4415.60009765625,4511.2998046875,7411
2026-03-19 13:15:00,4512.0,4515.2998046875,4421.0,4478.0,10934
2026-03-20 09:15:00,4515.0,4584.7998046875,4450.2001953125,4584.7998046875,61889
2026-03-20 13:15:00,4583.60009765625,4782.0,4583.60009765625,4717.5,51881
2026-03-23 09:15:00,4685.0,4685.0,4425.39990234375,4426.89990234375,10544
2026-03-23 13:15:00,4433.0,4507.10009765625,4403.0,4479.0,10610
2026-03-24 09:15:00,4579.89990234375,4587.39990234375,4498.0,4507.7001953125,7179
2026-03-24 13:15:00,4500.0,4598.7998046875,4500.0,4571.60009765625,25038
2026-03-25 09:15:00,4571.60009765625,4613.89990234375,4532.0,4537.2001953125,4335
2026-03-25 13:15:00,4542.7998046875,4555.89990234375,4491.0,4501.39990234375,12629
2026-03-27 09:15:00,4478.89990234375,4478.89990234375,4410.0,4457.5,6762
2026-03-27 13:15:00,4457.5,4527.7001953125,4429.10009765625,4506.2998046875,10980
2026-03-30 09:15:00,4499.7998046875,4499.7998046875,4399.2998046875,4432.60009765625,3750
2026-03-30 13:15:00,4437.5,4675.0,4428.10009765625,4645.60009765625,35618
2026-04-01 09:15:00,4655.10009765625,4699.7998046875,4595.5,4695.39990234375,7241
2026-04-01 13:15:00,4698.0,4768.7998046875,4664.10009765625,4743.5,11717
2026-04-02 09:15:00,4693.5,4729.60009765625,4584.0,4728.0,4556
2026-04-02 13:15:00,4728.0,4790.0,4712.60009765625,4759.89990234375,13664
2026-04-06 09:15:00,4779.5,4779.89990234375,4660.10009765625,4667.89990234375,3350
2026-04-06 13:15:00,4672.10009765625,4689.7001953125,4660.10009765625,4673.7001953125,3362
2026-04-07 09:15:00,4658.0,4681.89990234375,4628.39990234375,4648.89990234375,1769
2026-04-07 13:15:00,4648.89990234375,4671.0,4632.0,4651.2001953125,3006
2026-04-08 09:15:00,4708.10009765625,4803.0,4705.0,4785.0,9295
2026-04-08 13:15:00,4785.0,4820.0,4770.0,4811.10009765625,12994
2026-04-09 09:15:00,4806.0,4874.2998046875,4752.0,4829.7001953125,60197
2026-04-09 13:15:00,4828.60009765625,4847.10009765625,4784.39990234375,4806.0,9301
2026-04-10 09:15:00,4787.7998046875,4850.0,4787.7998046875,4835.10009765625,6339
2026-04-10 13:15:00,4840.2001953125,4844.60009765625,4787.10009765625,4814.0,7425
2026-04-13 09:15:00,4778.0,4944.60009765625,4745.2998046875,4928.60009765625,17991
2026-04-13 13:15:00,4929.2998046875,4952.0,4877.5,4893.0,20010
2026-04-15 09:15:00,4994.89990234375,4995.7998046875,4915.5,4990.0,7532
2026-04-15 13:15:00,4990.10009765625,5015.0,4932.39990234375,4989.5,15947
2026-04-16 09:15:00,5037.0,5062.7998046875,4952.10009765625,4955.0,9258
2026-04-16 13:15:00,4954.39990234375,4959.7998046875,4918.0,4950.0,4089
2026-04-17 09:15:00,4949.0,4987.0,4931.0,4931.60009765625,2033
2026-04-17 13:15:00,4932.2998046875,4938.0,4872.0,4898.2001953125,4559
2026-04-20 09:15:00,4907.0,4989.0,4851.7998046875,4868.5,0
2026-04-20 13:15:00,4898.2001953125,4898.2001953125,4833.0,4853.2998046875,7183
2026-04-21 09:15:00,4881.2998046875,4930.0,4850.0,4856.2998046875,2665
2026-04-21 13:15:00,4856.60009765625,4863.7998046875,4815.0,4822.7001953125,2492
2026-04-22 09:15:00,4846.7998046875,4862.89990234375,4779.60009765625,4782.60009765625,4340
2026-04-22 13:15:00,4782.89990234375,4806.0,4780.0,4780.10009765625,5328
2026-04-23 09:15:00,4795.0,4830.0,4766.7998046875,4771.0,2847
2026-04-23 13:15:00,4771.0,4778.0,4715.0,4739.2001953125,4642
2026-04-24 09:15:00,4781.39990234375,4789.89990234375,4671.10009765625,4674.0,23483
2026-04-24 13:15:00,4672.5,4698.2998046875,4656.7001953125,4670.5,2814
2026-04-27 09:15:00,4715.0,4715.0,4676.5,4692.5,1728
2026-04-27 13:15:00,4692.10009765625,4700.0,4668.0,4676.2998046875,5087
2026-04-28 09:15:00,4687.0,4729.7998046875,4660.0,4691.7998046875,3933
2026-04-28 13:15:00,4691.7998046875,4702.0,4585.7998046875,4592.7998046875,21654
2026-04-29 09:15:00,4600.39990234375,4710.0,4600.39990234375,4694.0,3260
2026-04-29 13:15:00,4689.89990234375,4694.89990234375,4672.5,4693.0,3329
2026-04-30 09:15:00,4697.0,4775.0,4663.5,4774.7998046875,5785
2026-04-30 13:15:00,4774.7001953125,4808.89990234375,4715.0,4764.10009765625,8274
2026-05-04 09:15:00,4787.89990234375,4832.7998046875,4698.2001953125,4700.5,4934
2026-05-04 13:15:00,4700.5,4713.7998046875,4682.2001953125,4699.0,5844
2026-05-05 09:15:00,4705.0,4741.7998046875,4640.0,4649.60009765625,11089
2026-05-05 13:15:00,4649.5,4676.89990234375,4628.0,4630.0,10761
2026-05-06 09:15:00,4649.89990234375,4691.89990234375,4620.0,4630.10009765625,2706
2026-05-06 13:15:00,4630.10009765625,4665.7998046875,4621.0,4649.7998046875,7287
2026-05-07 09:15:00,4674.10009765625,4681.89990234375,4640.0,4642.5,5001
2026-05-07 13:15:00,4642.7998046875,4675.39990234375,4630.10009765625,4636.89990234375,4621
2026-05-08 09:15:00,4658.7001953125,4667.7001953125,4600.89990234375,4620.2998046875,4611
2026-05-08 13:15:00,4620.2998046875,4625.10009765625,4600.0,4610.0,4563
2026-05-11 09:15:00,4609.10009765625,4609.10009765625,4510.7998046875,4535.0,3676
2026-05-11 13:15:00,4535.0,4543.2001953125,4477.0,4489.10009765625,6748
2026-05-12 09:15:00,4475.0,4534.2001953125,4453.7001953125,4497.7001953125,3322
2026-05-12 13:15:00,4497.7001953125,4505.10009765625,4430.10009765625,4435.0,7819
2026-05-13 09:15:00,4443.0,4479.60009765625,4402.10009765625,4426.5,6594
2026-05-13 13:15:00,4422.0,4432.10009765625,4406.10009765625,4431.5,6647
2026-05-14 09:15:00,4449.89990234375,4495.0,4384.2001953125,4406.0,6965
2026-05-14 13:15:00,4406.0,4407.39990234375,4348.89990234375,4363.10009765625,11906
2026-05-15 09:15:00,4364.0,4391.7001953125,4335.0,4351.0,4649
2026-05-15 13:15:00,4351.0,4370.0,4340.0,4349.7998046875,7345
2026-05-18 09:15:00,4341.89990234375,4341.89990234375,4280.0,4290.0,5616
2026-05-18 13:15:00,4299.0,4322.0,4282.0,4282.0,11435
2026-05-19 09:15:00,4325.10009765625,4340.39990234375,4290.7998046875,4305.7001953125,6125
2026-05-19 13:15:00,4303.0,4371.0,4299.0,4350.0,9896
2026-05-20 09:15:00,4361.0,4361.0,4310.10009765625,4313.89990234375,5422
2026-05-20 13:15:00,4310.0,4328.5,4300.0,4317.0,10220
2026-05-21 09:15:00,4350.0,4358.89990234375,4310.0,4321.0,2485
2026-05-21 13:15:00,4322.7001953125,4338.7001953125,4309.0,4323.39990234375,3162
2026-05-22 09:15:00,4327.7001953125,4384.10009765625,4306.0,4380.0,2006
2026-05-22 13:15:00,4384.89990234375,4408.10009765625,4359.0,4389.2998046875,8157
2026-05-25 09:15:00,4410.0,4429.7001953125,4361.39990234375,4361.39990234375,4093
2026-05-25 13:15:00,4364.0,4382.7001953125,4325.0,4374.0,7289
2026-05-26 09:15:00,4400.0,4475.0,4380.7998046875,4425.0,9990
2026-05-26 13:15:00,4421.0,4530.0,4413.0,4500.7998046875,18416
2026-05-27 09:15:00,4628.39990234375,4680.0,4582.39990234375,4630.60009765625,31989
2026-05-27 13:15:00,4630.60009765625,4646.0,4596.2998046875,4615.7998046875,16859
2026-05-29 09:15:00,4668.89990234375,4668.89990234375,4559.0,4584.89990234375,7119
2026-05-29 13:15:00,4585.89990234375,4640.0,4474.10009765625,4550.0,27564
2026-06-01 09:15:00,4555.10009765625,4558.0,4478.0,4490.0,5137
2026-06-01 13:15:00,4492.7998046875,4612.39990234375,4476.0,4522.0,9500
2026-06-02 09:15:00,4465.89990234375,4509.89990234375,4428.0,4434.5,4509
2026-06-02 13:15:00,4436.0,4475.0,4431.39990234375,4465.7998046875,8259
2026-06-03 09:15:00,4455.0,4484.2001953125,4420.0,4427.5,15042
2026-06-03 13:15:00,4432.7998046875,4440.89990234375,4380.60009765625,4399.0,9620
2026-06-04 09:15:00,4388.0,4430.89990234375,4380.0,4399.7998046875,6655
2026-06-04 13:15:00,4400.5,4419.39990234375,4396.0,4406.89990234375,4589
2026-06-05 09:15:00,4424.89990234375,4430.0,4342.2001953125,4358.5,11794
2026-06-05 13:15:00,4358.0,4360.0,4343.5,4350.10009765625,10294
2026-06-08 09:15:00,4315.0,4343.89990234375,4288.2998046875,4296.2998046875,7616
2026-06-08 13:15:00,4295.5,4309.89990234375,4272.0,4284.7998046875,6239
2026-06-09 09:15:00,4277.0,4316.0,4245.0,4259.5,167839
2026-06-09 13:15:00,4259.10009765625,4295.5,4233.10009765625,4262.0,17140
2026-06-10 09:15:00,4272.2998046875,4305.2998046875,4262.0,4276.60009765625,6212
2026-06-10 13:15:00,4280.7001953125,4310.5,4268.2001953125,4298.39990234375,8802
2026-06-11 09:15:00,4278.10009765625,4284.5,4243.2998046875,4252.2001953125,1853
2026-06-11 13:15:00,4249.2001953125,4251.0,4202.2001953125,4210.0,11218
2026-06-12 09:15:00,4249.60009765625,4270.2001953125,4230.0,4253.89990234375,1657
2026-06-12 13:15:00,4250.0,4262.5,4238.0,4247.60009765625,7450
2026-06-15 09:15:00,4275.0,4315.0,4275.0,4295.60009765625,3692
2026-06-15 13:15:00,4299.7001953125,4303.2998046875,4278.0,4291.2998046875,4121
2026-06-16 09:15:00,4292.0,4297.10009765625,4225.0,4243.0,11636
2026-06-16 13:15:00,4247.0,4260.89990234375,4223.2998046875,4239.0,11695
2026-06-17 09:15:00,4248.39990234375,4270.0,4230.10009765625,4239.2001953125,6763
2026-06-17 13:15:00,4239.2001953125,4250.0,4195.0,4209.39990234375,17605
2026-06-18 09:15:00,4230.39990234375,4280.0,4227.2998046875,4254.7001953125,5198
2026-06-18 13:15:00,4254.5,4293.10009765625,4251.89990234375,4272.0,9699
2026-06-19 09:15:00,4275.0,4275.0,4231.0,4244.89990234375,8362
2026-06-19 13:15:00,4241.5,4291.7001953125,4236.89990234375,4288.0,22548
2026-06-22 09:15:00,4275.10009765625,4297.10009765625,4196.5,4214.89990234375,36119
2026-06-22 13:15:00,4214.0,4222.39990234375,4150.0,4179.0,106084
2026-06-23 09:15:00,4199.7998046875,4224.0,4171.0,4186.89990234375,11188
2026-06-23 13:15:00,4189.0,4198.7001953125,4180.0,4195.2001953125,7498
2026-06-24 09:15:00,4216.0,4216.0,4151.0,4200.89990234375,8727
2026-06-24 13:15:00,4201.0,4216.0,4190.5,4199.2998046875,7940
2026-06-25 09:15:00,4224.0,4234.0,4195.0,4208.2998046875,2956
2026-06-25 13:15:00,4210.0,4215.0,4182.7001953125,4186.2998046875,6122
2026-06-29 09:15:00,4219.7001953125,4219.7001953125,4030.0,4050.0,48052
2026-06-29 13:15:00,4050.0,4087.800048828125,4046.0,4079.0,65552
2026-06-30 09:15:00,4086.10009765625,4163.89990234375,4076.300048828125,4149.2001953125,16224
2026-06-30 13:15:00,4151.2998046875,4156.2998046875,4131.39990234375,4150.0,15696
2026-07-01 09:15:00,4146.5,4179.89990234375,4094.60009765625,4123.2001953125,12656
2026-07-01 13:15:00,4123.39990234375,4142.0,4093.800048828125,4128.89990234375,13164
2026-07-02 09:15:00,4128.89990234375,4138.60009765625,4108.0,4120.0,4380
2026-07-02 13:15:00,4120.0,4175.0,4116.5,4155.7998046875,11437
2026-07-03 09:15:00,4185.0,4194.10009765625,4126.0,4131.10009765625,6905
2026-07-03 13:15:00,4131.5,4147.5,4125.0,4135.60009765625,9756
2026-07-06 09:15:00,4158.0,4208.0,4130.0,4158.10009765625,5870
2026-07-06 13:15:00,4158.10009765625,4185.0,4151.0,4184.0,10737
2026-07-07 09:15:00,4189.0,4189.0,4109.39990234375,4118.0,10675
2026-07-07 13:15:00,4117.89990234375,4146.7001953125,4107.0,4145.0,13060
2026-07-08 09:15:00,4217.2998046875,4306.0,4150.10009765625,4172.2001953125,120348
2026-07-08 13:15:00,4172.2001953125,4184.2998046875,4125.10009765625,4157.0,48693
2026-07-09 09:15:00,4169.10009765625,4171.89990234375,4115.0,4120.10009765625,9980
2026-07-09 13:15:00,4120.0,4133.89990234375,4112.0,4120.2001953125,11253
2026-07-10 09:15:00,4149.0,4159.7998046875,4115.10009765625,4125.5,7023
2026-07-10 13:15:00,4126.5,4147.5,4122.7998046875,4126.10009765625,8752
2026-07-13 09:15:00,4125.0,4125.0,4095.0,4097.0,9093
2026-07-13 13:15:00,4097.0,4101.60009765625,4092.800048828125,4100.0,8112
2026-07-14 09:15:00,4099.7998046875,4105.0,4060.10009765625,4072.39990234375,8932
2026-07-14 13:15:00,4072.0,4088.0,4065.10009765625,4080.0,7495
2026-07-15 09:15:00,4116.0,4126.7998046875,4090.10009765625,4110.0,4818
2026-07-15 13:15:00,4110.0,4119.0,4105.0,4116.0,4141
2026-07-16 09:15:00,4125.0,4213.89990234375,4111.0,4180.0,39060
2026-07-16 13:15:00,4180.0,4235.0,4169.89990234375,4221.89990234375,28406
2026-07-17 09:15:00,4230.0,4247.2001953125,4211.0,4221.0,12776
2026-07-17 13:15:00,4222.7998046875,4237.7001953125,4221.0,4234.10009765625,7116
2026-07-20 09:15:00,4234.89990234375,4274.89990234375,4231.0,4252.7998046875,19138
2026-07-20 13:15:00,4256.7998046875,4269.0,4250.0,4260.89990234375,12391
2026-07-21 09:15:00,4265.0,4551.0,4254.2001953125,4387.10009765625,203997
2026-07-21 13:15:00,4390.0,4400.0,4340.39990234375,4351.39990234375,32015
2026-07-22 09:15:00,4350.0,4351.0,4292.7001953125,4308.39990234375,6723
2026-07-22 13:15:00,4308.39990234375,4327.2001953125,4275.0,4286.10009765625,11693
2026-07-23 09:15:00,4286.10009765625,4307.0,4257.5,4291.0,7631
2026-07-23 13:15:00,4283.60009765625,4295.5,4265.0,4275.60009765625,6972
2026-07-24 09:15:00,4254.2998046875,4272.0,4220.0,4235.7998046875,8645
2026-07-24 13:15:00,4237.7998046875,4243.39990234375,4210.0,4217.5,4800
2026-07-27 09:15:00,4259.60009765625,4276.7998046875,4222.0,4230.0,7956
2026-07-27 13:15:00,4229.5,4249.0,4227.0,4238.5,4739
2026-07-28 09:15:00,4250.0,4268.5,4219.0,4222.60009765625,4494
2026-07-28 13:15:00,4226.7998046875,4229.0,4201.0,4229.0,6168
2026-07-29 09:15:00,4250.0,4279.7998046875,4235.0,4259.0,14171
2026-07-29 13:15:00,4254.0,4268.39990234375,4228.7001953125,4248.7001953125,11288
2026-07-30 09:15:00,4258.0,4267.0,4230.10009765625,4231.7998046875,6393
2026-07-30 13:15:00,4232.2001953125,4236.2998046875,4218.10009765625,4230.7998046875,5094
2026-07-31 09:15:00,4247.60009765625,4247.60009765625,4188.2001953125,4208.2001953125,6025
2026-07-31 13:15:00,4205.10009765625,4242.0,4196.0,4220.0,15036
2026-08-03 09:15:00,4260.7998046875,4323.89990234375,4260.7998046875,4299.7998046875,9276
2026-08-03 13:15:00,4301.2998046875,4315.10009765625,4289.0,4289.0,8023
2026-08-04 09:15:00,4316.2001953125,4330.89990234375,4294.7998046875,4310.39990234375,5712
2026-08-04 13:15:00,4316.7998046875,4355.0,4305.0,4331.0,13585
2026-08-05 09:15:00,4280.0,4300.0,4270.0,4286.0,5455
2026-08-05 13:15:00,4285.0,4314.39990234375,4281.10009765625,4302.89990234375,9615
2026-08-06 09:15:00,4293.2001953125,4331.39990234375,4214.0,4216.0,16580
2026-08-06 13:15:00,4215.2998046875,4225.39990234375,4201.0,4214.89990234375,12978
2026-08-07 09:15:00,4214.89990234375,4241.39990234375,4187.2001953125,4193.10009765625,11727
2026-08-07 13:15:00,4190.10009765625,4197.89990234375,4167.39990234375,4177.2001953125,8530
